name,timestamp,value,container,endpoint,id,image,instance,job,metrics_path,name,namespace,node,pod,service
container_spec_cpu_shares,"[1650032622.522, '4']","[1650032652.522, '4']","[1650032682.522, '4']","[1650032712.524, '4']","[1650032742.525, '4']","[1650032772.522, '4']","[1650032802.522, '4']","[1650032832.522, '4']","[1650032862.522, '4']","[1650032892.522, '4']","[1650032922.522, '4']","[1650032952.522, '4']","[1650032982.522, '4']","[1650033012.522, '4']","[1650033042.522, '4']","[1650033072.522, '4']","[1650033102.522, '4']","[1650033132.522, '4']","[1650033162.522, '4']","[1650033192.522, '4']","[1650033222.522, '4']","[1650033252.522, '4']","[1650033282.522, '4']","[1650033312.522, '4']","[1650033342.524, '4']","[1650033372.522, '4']","[1650033402.522, '4']","[1650033432.522, '4']","[1650033462.522, '4']","[1650033492.522, '4']","[1650033522.522, '4']","[1650033552.522, '4']","[1650033582.522, '4']","[1650033612.522, '4']","[1650033642.522, '4']","[1650033672.522, '4']","[1650033702.522, '4']","[1650033732.522, '4']","[1650033762.526, '4']","[1650033792.522, '4']","[1650033822.522, '4']","[1650033852.522, '4']","[1650033882.525, '4']","[1650033912.522, '4']","[1650033942.522, '4']","[1650033972.524, '4']","[1650034002.522, '4']","[1650034032.522, '4']","[1650034062.522, '4']","[1650034092.522, '4']","[1650034122.524, '4']","[1650034152.522, '4']","[1650034182.528, '4']","[1650034212.522, '4']","[1650034242.522, '4']","[1650034272.522, '4']","[1650034302.522, '4']","[1650034332.528, '4']","[1650034362.522, '4']",alertmanager,https-metrics,/kubepods/burstable/pod254afd00-d3d6-440c-bfa1-3b674817b14f/55b09e31588ec9518cee76280d1a0d8982b2f13bbb723815e0deb518dedfc1c4,quay.io/prometheus/alertmanager:v0.22.2,10.1.0.79:10250,kubelet,/metrics/cadvisor,55b09e31588ec9518cee76280d1a0d8982b2f13bbb723815e0deb518dedfc1c4,monitoring,fv-az208-96,alertmanager-main-2,kubelet
container_spec_cpu_shares,"[1650032622.522, '4']","[1650032652.522, '4']","[1650032682.522, '4']","[1650032712.524, '4']","[1650032742.525, '4']","[1650032772.522, '4']","[1650032802.522, '4']","[1650032832.522, '4']","[1650032862.522, '4']","[1650032892.522, '4']","[1650032922.522, '4']","[1650032952.522, '4']","[1650032982.522, '4']","[1650033012.522, '4']","[1650033042.522, '4']","[1650033072.522, '4']","[1650033102.522, '4']","[1650033132.522, '4']","[1650033162.522, '4']","[1650033192.522, '4']","[1650033222.522, '4']","[1650033252.522, '4']","[1650033282.522, '4']","[1650033312.522, '4']","[1650033342.524, '4']","[1650033372.522, '4']","[1650033402.522, '4']","[1650033432.522, '4']","[1650033462.522, '4']","[1650033492.522, '4']","[1650033522.522, '4']","[1650033552.522, '4']","[1650033582.522, '4']","[1650033612.522, '4']","[1650033642.522, '4']","[1650033672.522, '4']","[1650033702.522, '4']","[1650033732.522, '4']","[1650033762.526, '4']","[1650033792.522, '4']","[1650033822.522, '4']","[1650033852.522, '4']","[1650033882.525, '4']","[1650033912.522, '4']","[1650033942.522, '4']","[1650033972.524, '4']","[1650034002.522, '4']","[1650034032.522, '4']","[1650034062.522, '4']","[1650034092.522, '4']","[1650034122.524, '4']","[1650034152.522, '4']","[1650034182.528, '4']","[1650034212.522, '4']","[1650034242.522, '4']","[1650034272.522, '4']","[1650034302.522, '4']","[1650034332.528, '4']","[1650034362.522, '4']",alertmanager,https-metrics,/kubepods/burstable/pod3ca78248-fa61-4038-b10e-e2f1208c87a9/a4826c07eb3da89fcd9ddb952f906a12b730e4b32e2e1427986a9c7876ad2775,quay.io/prometheus/alertmanager:v0.22.2,10.1.0.79:10250,kubelet,/metrics/cadvisor,a4826c07eb3da89fcd9ddb952f906a12b730e4b32e2e1427986a9c7876ad2775,monitoring,fv-az208-96,alertmanager-main-1,kubelet
container_spec_cpu_shares,"[1650032622.522, '4']","[1650032652.522, '4']","[1650032682.522, '4']","[1650032712.524, '4']","[1650032742.525, '4']","[1650032772.522, '4']","[1650032802.522, '4']","[1650032832.522, '4']","[1650032862.522, '4']","[1650032892.522, '4']","[1650032922.522, '4']","[1650032952.522, '4']","[1650032982.522, '4']","[1650033012.522, '4']","[1650033042.522, '4']","[1650033072.522, '4']","[1650033102.522, '4']","[1650033132.522, '4']","[1650033162.522, '4']","[1650033192.522, '4']","[1650033222.522, '4']","[1650033252.522, '4']","[1650033282.522, '4']","[1650033312.522, '4']","[1650033342.524, '4']","[1650033372.522, '4']","[1650033402.522, '4']","[1650033432.522, '4']","[1650033462.522, '4']","[1650033492.522, '4']","[1650033522.522, '4']","[1650033552.522, '4']","[1650033582.522, '4']","[1650033612.522, '4']","[1650033642.522, '4']","[1650033672.522, '4']","[1650033702.522, '4']","[1650033732.522, '4']","[1650033762.526, '4']","[1650033792.522, '4']","[1650033822.522, '4']","[1650033852.522, '4']","[1650033882.525, '4']","[1650033912.522, '4']","[1650033942.522, '4']","[1650033972.524, '4']","[1650034002.522, '4']","[1650034032.522, '4']","[1650034062.522, '4']","[1650034092.522, '4']","[1650034122.524, '4']","[1650034152.522, '4']","[1650034182.528, '4']","[1650034212.522, '4']","[1650034242.522, '4']","[1650034272.522, '4']","[1650034302.522, '4']","[1650034332.528, '4']","[1650034362.522, '4']",alertmanager,https-metrics,/kubepods/burstable/podc7dbd9a5-f164-4dcd-a7b9-fb3cc8fc4af2/898fc0049a18c7e1f4857e6c6516a85dca679df528914bb8f07d642f945a413e,quay.io/prometheus/alertmanager:v0.22.2,10.1.0.79:10250,kubelet,/metrics/cadvisor,898fc0049a18c7e1f4857e6c6516a85dca679df528914bb8f07d642f945a413e,monitoring,fv-az208-96,alertmanager-main-0,kubelet
container_spec_cpu_shares,"[1650032622.522, '81']","[1650032652.522, '81']","[1650032682.522, '81']","[1650032712.524, '81']","[1650032742.525, '81']","[1650032772.522, '81']","[1650032802.522, '81']","[1650032832.522, '81']","[1650032862.522, '81']","[1650032892.522, '81']","[1650032922.522, '81']","[1650032952.522, '81']","[1650032982.522, '81']","[1650033012.522, '81']","[1650033042.522, '81']","[1650033072.522, '81']","[1650033102.522, '81']","[1650033132.522, '81']","[1650033162.522, '81']","[1650033192.522, '81']","[1650033222.522, '81']","[1650033252.522, '81']","[1650033282.522, '81']","[1650033312.522, '81']","[1650033342.524, '81']","[1650033372.522, '81']","[1650033402.522, '81']","[1650033432.522, '81']","[1650033462.522, '81']","[1650033492.522, '81']","[1650033522.522, '81']","[1650033552.522, '81']","[1650033582.522, '81']","[1650033612.522, '81']","[1650033642.522, '81']","[1650033672.522, '81']","[1650033702.522, '81']","[1650033732.522, '81']","[1650033762.526, '81']","[1650033792.522, '81']","[1650033822.522, '81']","[1650033852.522, '81']","[1650033882.525, '81']","[1650033912.522, '81']","[1650033942.522, '81']","[1650033972.524, '81']","[1650034002.522, '81']","[1650034032.522, '81']","[1650034062.522, '81']",api,https-metrics,/kubepods/pod377cafe9-0459-4d3b-9265-8dcbf0cbc332/5eb33db7aef9dd2e3399b2eb0e4d86a82f80d978912d9227025a03ae1a577eb1,sha256:84c9175ca2086e54843e7df2c7f4cd1dd733bfd9a0ae4cf711790ed1e86a7339,10.1.0.79:10250,kubelet,/metrics/cadvisor,5eb33db7aef9dd2e3399b2eb0e4d86a82f80d978912d9227025a03ae1a577eb1,default,fv-az208-96,api-54b9c66577-ts687,kubelet
container_spec_cpu_shares,"[1650034092.522, '81']","[1650034122.524, '81']","[1650034152.522, '81']","[1650034182.528, '81']","[1650034212.522, '81']","[1650034242.522, '81']","[1650034272.522, '81']","[1650034302.522, '81']","[1650034332.528, '81']","[1650034362.522, '81']",api,https-metrics,/kubepods/pod377cafe9-0459-4d3b-9265-8dcbf0cbc332/f976fcffd65fff26a538a2afac5a555dfbcd730f976b4875b83e950730311e2b,sha256:84c9175ca2086e54843e7df2c7f4cd1dd733bfd9a0ae4cf711790ed1e86a7339,10.1.0.79:10250,kubelet,/metrics/cadvisor,f976fcffd65fff26a538a2afac5a555dfbcd730f976b4875b83e950730311e2b,default,fv-az208-96,api-54b9c66577-ts687,kubelet
container_spec_cpu_shares,"[1650033462.522, '81']","[1650033492.522, '81']","[1650033522.522, '81']","[1650033552.522, '81']","[1650033582.522, '81']","[1650033612.522, '81']","[1650033642.522, '81']","[1650033672.522, '81']","[1650033702.522, '81']","[1650033732.522, '81']","[1650033762.526, '81']","[1650033792.522, '81']","[1650033822.522, '81']","[1650033852.522, '81']","[1650033882.525, '81']","[1650033912.522, '81']","[1650033942.522, '81']","[1650033972.524, '81']","[1650034002.522, '81']","[1650034032.522, '81']","[1650034062.522, '81']","[1650034092.522, '81']","[1650034122.524, '81']","[1650034152.522, '81']",api,https-metrics,/kubepods/pod42fa73bb-dae0-4513-811f-2c3cdee2bd26/a8e40b9afd6414af029288e353f6d4c56797d53c77d50598e6644b4ef90664eb,sha256:84c9175ca2086e54843e7df2c7f4cd1dd733bfd9a0ae4cf711790ed1e86a7339,10.1.0.79:10250,kubelet,/metrics/cadvisor,a8e40b9afd6414af029288e353f6d4c56797d53c77d50598e6644b4ef90664eb,default,fv-az208-96,api-54b9c66577-wqthg,kubelet
container_spec_cpu_shares,"[1650034182.528, '81']","[1650034212.522, '81']","[1650034242.522, '81']","[1650034272.522, '81']","[1650034302.522, '81']","[1650034332.528, '81']","[1650034362.522, '81']",api,https-metrics,/kubepods/pod42fa73bb-dae0-4513-811f-2c3cdee2bd26/e9fd9b48329f92788d4a45db3d60aefe66d8b1573f7a6088255d4f21ed5dcd28,sha256:84c9175ca2086e54843e7df2c7f4cd1dd733bfd9a0ae4cf711790ed1e86a7339,10.1.0.79:10250,kubelet,/metrics/cadvisor,e9fd9b48329f92788d4a45db3d60aefe66d8b1573f7a6088255d4f21ed5dcd28,default,fv-az208-96,api-54b9c66577-wqthg,kubelet
container_spec_cpu_shares,"[1650033222.522, '81']","[1650033252.522, '81']",api,https-metrics,/kubepods/pod58731a6e-d9a6-4022-83d9-9e7a7b230ecf/b059af32bffa9a540ae07630a94650f67aaaed9ec64cd196120eeced04d0769d,sha256:84c9175ca2086e54843e7df2c7f4cd1dd733bfd9a0ae4cf711790ed1e86a7339,10.1.0.79:10250,kubelet,/metrics/cadvisor,b059af32bffa9a540ae07630a94650f67aaaed9ec64cd196120eeced04d0769d,default,fv-az208-96,api-54b9c66577-n5dsk,kubelet
container_spec_cpu_shares,"[1650032622.522, '81']","[1650032652.522, '81']","[1650032682.522, '81']","[1650032712.524, '81']","[1650032742.525, '81']","[1650032772.522, '81']","[1650032802.522, '81']","[1650032832.522, '81']","[1650032862.522, '81']","[1650032892.522, '81']","[1650032922.522, '81']","[1650032952.522, '81']","[1650032982.522, '81']","[1650033012.522, '81']","[1650033042.522, '81']","[1650033072.522, '81']","[1650033102.522, '81']","[1650033132.522, '81']","[1650033162.522, '81']","[1650033192.522, '81']","[1650033222.522, '81']","[1650033252.522, '81']","[1650033282.522, '81']","[1650033312.522, '81']","[1650033342.524, '81']","[1650033372.522, '81']","[1650033402.522, '81']","[1650033432.522, '81']","[1650033462.522, '81']","[1650033492.522, '81']","[1650033522.522, '81']","[1650033552.522, '81']","[1650033582.522, '81']","[1650033612.522, '81']","[1650033642.522, '81']","[1650033672.522, '81']","[1650033702.522, '81']","[1650033732.522, '81']","[1650033762.526, '81']","[1650033792.522, '81']","[1650033822.522, '81']","[1650033852.522, '81']","[1650033882.525, '81']","[1650033912.522, '81']","[1650033942.522, '81']","[1650033972.524, '81']","[1650034002.522, '81']",api,https-metrics,/kubepods/pod69a04988-8b4e-4687-928a-fe2c1f601b0d/949c158ae2ff2b58f915122675dd1ccab8a3d7a8e196555a9d787ec857586303,sha256:84c9175ca2086e54843e7df2c7f4cd1dd733bfd9a0ae4cf711790ed1e86a7339,10.1.0.79:10250,kubelet,/metrics/cadvisor,949c158ae2ff2b58f915122675dd1ccab8a3d7a8e196555a9d787ec857586303,default,fv-az208-96,api-54b9c66577-djc55,kubelet
container_spec_cpu_shares,"[1650034362.522, '81']",api,https-metrics,/kubepods/pod69a04988-8b4e-4687-928a-fe2c1f601b0d/d2d96b5b41c704345fdc10dc450e658567f71aa677ec77dd0ae8d23451d38e9b,sha256:84c9175ca2086e54843e7df2c7f4cd1dd733bfd9a0ae4cf711790ed1e86a7339,10.1.0.79:10250,kubelet,/metrics/cadvisor,d2d96b5b41c704345fdc10dc450e658567f71aa677ec77dd0ae8d23451d38e9b,default,fv-az208-96,api-54b9c66577-djc55,kubelet
container_spec_cpu_shares,"[1650034032.522, '81']","[1650034062.522, '81']","[1650034092.522, '81']","[1650034122.524, '81']","[1650034152.522, '81']","[1650034182.528, '81']","[1650034212.522, '81']","[1650034242.522, '81']","[1650034272.522, '81']","[1650034302.522, '81']","[1650034332.528, '81']",api,https-metrics,/kubepods/pod69a04988-8b4e-4687-928a-fe2c1f601b0d/dba955c4af2ba0913c6ca9fac12275a6a56fc7f1ed463f3ed7238c448d9adc5b,sha256:84c9175ca2086e54843e7df2c7f4cd1dd733bfd9a0ae4cf711790ed1e86a7339,10.1.0.79:10250,kubelet,/metrics/cadvisor,dba955c4af2ba0913c6ca9fac12275a6a56fc7f1ed463f3ed7238c448d9adc5b,default,fv-az208-96,api-54b9c66577-djc55,kubelet
container_spec_cpu_shares,"[1650033342.524, '81']","[1650033372.522, '81']",api,https-metrics,/kubepods/pod707afef7-dd49-491f-aa16-46b3526a9409/b1ba5b70c7837ecabfad82e9570310fb25d9e6e21fe79138637cb9e59f84937b,sha256:84c9175ca2086e54843e7df2c7f4cd1dd733bfd9a0ae4cf711790ed1e86a7339,10.1.0.79:10250,kubelet,/metrics/cadvisor,b1ba5b70c7837ecabfad82e9570310fb25d9e6e21fe79138637cb9e59f84937b,default,fv-az208-96,api-54b9c66577-bgbk8,kubelet
container_spec_cpu_shares,"[1650034302.522, '81']","[1650034332.528, '81']","[1650034362.522, '81']",api,https-metrics,/kubepods/poda6b0644f-cb5a-4f12-afc5-7a3cd9eb646e/33557ff0445e0805e933d82be8d61ad452459b66bcc05d03c559f3dcc0950d8c,sha256:84c9175ca2086e54843e7df2c7f4cd1dd733bfd9a0ae4cf711790ed1e86a7339,10.1.0.79:10250,kubelet,/metrics/cadvisor,33557ff0445e0805e933d82be8d61ad452459b66bcc05d03c559f3dcc0950d8c,default,fv-az208-96,api-54b9c66577-c58rm,kubelet
container_spec_cpu_shares,"[1650032622.522, '81']","[1650032652.522, '81']","[1650032682.522, '81']","[1650032712.524, '81']","[1650032742.525, '81']","[1650032772.522, '81']","[1650032802.522, '81']","[1650032832.522, '81']","[1650032862.522, '81']","[1650032892.522, '81']","[1650032922.522, '81']","[1650032952.522, '81']","[1650032982.522, '81']","[1650033012.522, '81']","[1650033042.522, '81']","[1650033072.522, '81']","[1650033102.522, '81']","[1650033132.522, '81']","[1650033162.522, '81']","[1650033192.522, '81']","[1650033222.522, '81']","[1650033252.522, '81']","[1650033282.522, '81']","[1650033312.522, '81']","[1650033342.524, '81']","[1650033372.522, '81']","[1650033402.522, '81']","[1650033432.522, '81']","[1650033462.522, '81']","[1650033492.522, '81']","[1650033522.522, '81']","[1650033552.522, '81']","[1650033582.522, '81']","[1650033612.522, '81']","[1650033642.522, '81']","[1650033672.522, '81']","[1650033702.522, '81']","[1650033732.522, '81']","[1650033762.526, '81']","[1650033792.522, '81']","[1650033822.522, '81']","[1650033852.522, '81']","[1650033882.525, '81']","[1650033912.522, '81']","[1650033942.522, '81']","[1650033972.524, '81']","[1650034002.522, '81']","[1650034032.522, '81']","[1650034062.522, '81']","[1650034092.522, '81']","[1650034122.524, '81']","[1650034152.522, '81']","[1650034182.528, '81']","[1650034212.522, '81']","[1650034242.522, '81']","[1650034272.522, '81']",api,https-metrics,/kubepods/poda6b0644f-cb5a-4f12-afc5-7a3cd9eb646e/6b813620627507484fe6d1c9f79b17060686e3d6a0e809676a477940cdab6367,sha256:84c9175ca2086e54843e7df2c7f4cd1dd733bfd9a0ae4cf711790ed1e86a7339,10.1.0.79:10250,kubelet,/metrics/cadvisor,6b813620627507484fe6d1c9f79b17060686e3d6a0e809676a477940cdab6367,default,fv-az208-96,api-54b9c66577-c58rm,kubelet
container_spec_cpu_shares,"[1650032622.522, '10']","[1650032652.522, '10']","[1650032682.522, '10']","[1650032712.524, '10']","[1650032742.525, '10']","[1650032772.522, '10']","[1650032802.522, '10']","[1650032832.522, '10']","[1650032862.522, '10']","[1650032892.522, '10']","[1650032922.522, '10']","[1650032952.522, '10']","[1650032982.522, '10']","[1650033012.522, '10']","[1650033042.522, '10']","[1650033072.522, '10']","[1650033102.522, '10']","[1650033132.522, '10']","[1650033162.522, '10']","[1650033192.522, '10']","[1650033222.522, '10']","[1650033252.522, '10']","[1650033282.522, '10']","[1650033312.522, '10']","[1650033342.524, '10']","[1650033372.522, '10']","[1650033402.522, '10']","[1650033432.522, '10']","[1650033462.522, '10']","[1650033492.522, '10']","[1650033522.522, '10']","[1650033552.522, '10']","[1650033582.522, '10']","[1650033612.522, '10']","[1650033642.522, '10']","[1650033672.522, '10']","[1650033702.522, '10']","[1650033732.522, '10']","[1650033762.526, '10']","[1650033792.522, '10']","[1650033822.522, '10']","[1650033852.522, '10']","[1650033882.525, '10']","[1650033912.522, '10']","[1650033942.522, '10']","[1650033972.524, '10']","[1650034002.522, '10']","[1650034032.522, '10']","[1650034062.522, '10']","[1650034092.522, '10']","[1650034122.524, '10']","[1650034152.522, '10']","[1650034182.528, '10']","[1650034212.522, '10']","[1650034242.522, '10']","[1650034272.522, '10']","[1650034302.522, '10']","[1650034332.528, '10']","[1650034362.522, '10']",blackbox-exporter,https-metrics,/kubepods/burstable/podb9d1643f-780a-4397-b7da-770a85c44bdf/9ee1963b0d628a1d2d830d48624f9835f6999fc6808fd53c1fff23a6d68e60c3,sha256:c9e462ce1ee4b1e90a25a021552357b9160d13953c09f856017d22a5ffd18937,10.1.0.79:10250,kubelet,/metrics/cadvisor,9ee1963b0d628a1d2d830d48624f9835f6999fc6808fd53c1fff23a6d68e60c3,monitoring,fv-az208-96,blackbox-exporter-6798fb5bb4-klffv,kubelet
container_spec_cpu_shares,"[1650032622.522, '2']","[1650032652.522, '2']","[1650032682.522, '2']","[1650032712.524, '2']","[1650032742.525, '2']","[1650032772.522, '2']","[1650032802.522, '2']","[1650032832.522, '2']","[1650032862.522, '2']","[1650032892.522, '2']","[1650032922.522, '2']","[1650032952.522, '2']","[1650032982.522, '2']","[1650033012.522, '2']","[1650033042.522, '2']","[1650033072.522, '2']","[1650033102.522, '2']","[1650033132.522, '2']","[1650033162.522, '2']","[1650033192.522, '2']","[1650033222.522, '2']","[1650033252.522, '2']","[1650033282.522, '2']","[1650033312.522, '2']","[1650033342.524, '2']","[1650033372.522, '2']","[1650033402.522, '2']","[1650033432.522, '2']","[1650033462.522, '2']","[1650033492.522, '2']","[1650033522.522, '2']","[1650033552.522, '2']","[1650033582.522, '2']","[1650033612.522, '2']","[1650033642.522, '2']","[1650033672.522, '2']","[1650033702.522, '2']","[1650033732.522, '2']","[1650033762.526, '2']","[1650033792.522, '2']","[1650033822.522, '2']","[1650033852.522, '2']","[1650033882.525, '2']","[1650033912.522, '2']","[1650033942.522, '2']","[1650033972.524, '2']","[1650034002.522, '2']","[1650034032.522, '2']","[1650034062.522, '2']","[1650034092.522, '2']","[1650034122.524, '2']","[1650034152.522, '2']","[1650034182.528, '2']","[1650034212.522, '2']","[1650034242.522, '2']","[1650034272.522, '2']","[1650034302.522, '2']","[1650034332.528, '2']","[1650034362.522, '2']",calico-kube-controllers,https-metrics,/kubepods/besteffort/podd5d2720e-9215-4619-9520-82052e1d8070/5832450c149c25dadf6a3a277c0fca4bda11d16f75eac4da657ceecedbed1c90,docker.io/calico/kube-controllers:v3.20.4,10.1.0.79:10250,kubelet,/metrics/cadvisor,5832450c149c25dadf6a3a277c0fca4bda11d16f75eac4da657ceecedbed1c90,kube-system,fv-az208-96,calico-kube-controllers-654b987fd9-5ph22,kubelet
container_spec_cpu_shares,"[1650032622.522, '256']","[1650032652.522, '256']","[1650032682.522, '256']","[1650032712.524, '256']","[1650032742.525, '256']","[1650032772.522, '256']","[1650032802.522, '256']","[1650032832.522, '256']","[1650032862.522, '256']","[1650032892.522, '256']","[1650032922.522, '256']","[1650032952.522, '256']","[1650032982.522, '256']","[1650033012.522, '256']","[1650033042.522, '256']","[1650033072.522, '256']","[1650033102.522, '256']","[1650033132.522, '256']","[1650033162.522, '256']","[1650033192.522, '256']","[1650033222.522, '256']","[1650033252.522, '256']","[1650033282.522, '256']","[1650033312.522, '256']","[1650033342.524, '256']","[1650033372.522, '256']","[1650033402.522, '256']","[1650033432.522, '256']","[1650033462.522, '256']","[1650033492.522, '256']","[1650033522.522, '256']","[1650033552.522, '256']","[1650033582.522, '256']","[1650033612.522, '256']","[1650033642.522, '256']","[1650033672.522, '256']","[1650033702.522, '256']","[1650033732.522, '256']","[1650033762.526, '256']","[1650033792.522, '256']","[1650033822.522, '256']","[1650033852.522, '256']","[1650033882.525, '256']","[1650033912.522, '256']","[1650033942.522, '256']","[1650033972.524, '256']","[1650034002.522, '256']","[1650034032.522, '256']","[1650034062.522, '256']","[1650034092.522, '256']","[1650034122.524, '256']","[1650034152.522, '256']","[1650034182.528, '256']","[1650034212.522, '256']","[1650034242.522, '256']","[1650034272.522, '256']","[1650034302.522, '256']","[1650034332.528, '256']","[1650034362.522, '256']",calico-node,https-metrics,/kubepods/burstable/pod5d17a688-3187-4082-8315-f867c30c31a0/3c5d5d3e367903263dda0874d602db860e64ed670489d1129050ea003369e22c,docker.io/calico/node@sha256:0c603c19eb35e3baf911c605df78f36d6d0ed8ba9d312f893aecee559dc60401,10.1.0.79:10250,kubelet,/metrics/cadvisor,3c5d5d3e367903263dda0874d602db860e64ed670489d1129050ea003369e22c,kube-system,fv-az208-96,calico-node-fqrbp,kubelet
container_spec_cpu_shares,"[1650032622.522, '102']","[1650032652.522, '102']","[1650032682.522, '102']","[1650032712.524, '102']","[1650032742.525, '102']","[1650032772.522, '102']","[1650032802.522, '102']","[1650032832.522, '102']","[1650032862.522, '102']","[1650032892.522, '102']","[1650032922.522, '102']","[1650032952.522, '102']","[1650032982.522, '102']","[1650033012.522, '102']","[1650033042.522, '102']","[1650033072.522, '102']","[1650033102.522, '102']","[1650033132.522, '102']","[1650033162.522, '102']","[1650033192.522, '102']","[1650033222.522, '102']","[1650033252.522, '102']","[1650033282.522, '102']","[1650033312.522, '102']","[1650033342.524, '102']","[1650033372.522, '102']","[1650033402.522, '102']","[1650033432.522, '102']","[1650033462.522, '102']","[1650033492.522, '102']","[1650033522.522, '102']","[1650033552.522, '102']","[1650033582.522, '102']","[1650033612.522, '102']","[1650033642.522, '102']","[1650033672.522, '102']","[1650033702.522, '102']","[1650033732.522, '102']","[1650033762.526, '102']","[1650033792.522, '102']","[1650033822.522, '102']","[1650033852.522, '102']","[1650033882.525, '102']","[1650033912.522, '102']","[1650033942.522, '102']","[1650033972.524, '102']","[1650034002.522, '102']","[1650034032.522, '102']","[1650034062.522, '102']","[1650034092.522, '102']","[1650034122.524, '102']","[1650034152.522, '102']","[1650034182.528, '102']","[1650034212.522, '102']","[1650034242.522, '102']","[1650034272.522, '102']","[1650034302.522, '102']","[1650034332.528, '102']","[1650034362.522, '102']",config-reloader,https-metrics,/kubepods/burstable/pod03b4c436-6036-43aa-b9ff-68b070c1d26b/e78f3166a33d274d6373f6dd64320552705347a2d58d592cb87681d9b28a6b7f,sha256:ae8e4c9feb781fd0a4c599e69ee357ff1dabca943f968bef7147712c42426105,10.1.0.79:10250,kubelet,/metrics/cadvisor,e78f3166a33d274d6373f6dd64320552705347a2d58d592cb87681d9b28a6b7f,monitoring,fv-az208-96,prometheus-service-prometheus-0,kubelet
container_spec_cpu_shares,"[1650032622.522, '102']","[1650032652.522, '102']","[1650032682.522, '102']","[1650032712.524, '102']","[1650032742.525, '102']","[1650032772.522, '102']","[1650032802.522, '102']","[1650032832.522, '102']","[1650032862.522, '102']","[1650032892.522, '102']","[1650032922.522, '102']","[1650032952.522, '102']","[1650032982.522, '102']","[1650033012.522, '102']","[1650033042.522, '102']","[1650033072.522, '102']","[1650033102.522, '102']","[1650033132.522, '102']","[1650033162.522, '102']","[1650033192.522, '102']","[1650033222.522, '102']","[1650033252.522, '102']","[1650033282.522, '102']","[1650033312.522, '102']","[1650033342.524, '102']","[1650033372.522, '102']","[1650033402.522, '102']","[1650033432.522, '102']","[1650033462.522, '102']","[1650033492.522, '102']","[1650033522.522, '102']","[1650033552.522, '102']","[1650033582.522, '102']","[1650033612.522, '102']","[1650033642.522, '102']","[1650033672.522, '102']","[1650033702.522, '102']","[1650033732.522, '102']","[1650033762.526, '102']","[1650033792.522, '102']","[1650033822.522, '102']","[1650033852.522, '102']","[1650033882.525, '102']","[1650033912.522, '102']","[1650033942.522, '102']","[1650033972.524, '102']","[1650034002.522, '102']","[1650034032.522, '102']","[1650034062.522, '102']","[1650034092.522, '102']","[1650034122.524, '102']","[1650034152.522, '102']","[1650034182.528, '102']","[1650034212.522, '102']","[1650034242.522, '102']","[1650034272.522, '102']","[1650034302.522, '102']","[1650034332.528, '102']","[1650034362.522, '102']",config-reloader,https-metrics,/kubepods/burstable/pod254afd00-d3d6-440c-bfa1-3b674817b14f/d6fe47bbcad9d7f993a5abe0158a7bdc7754f92bc8ee898e13ed52c195ab30f3,sha256:ae8e4c9feb781fd0a4c599e69ee357ff1dabca943f968bef7147712c42426105,10.1.0.79:10250,kubelet,/metrics/cadvisor,d6fe47bbcad9d7f993a5abe0158a7bdc7754f92bc8ee898e13ed52c195ab30f3,monitoring,fv-az208-96,alertmanager-main-2,kubelet
container_spec_cpu_shares,"[1650032622.522, '102']","[1650032652.522, '102']","[1650032682.522, '102']","[1650032712.524, '102']","[1650032742.525, '102']","[1650032772.522, '102']","[1650032802.522, '102']","[1650032832.522, '102']","[1650032862.522, '102']","[1650032892.522, '102']","[1650032922.522, '102']","[1650032952.522, '102']","[1650032982.522, '102']","[1650033012.522, '102']","[1650033042.522, '102']","[1650033072.522, '102']","[1650033102.522, '102']","[1650033132.522, '102']","[1650033162.522, '102']","[1650033192.522, '102']","[1650033222.522, '102']","[1650033252.522, '102']","[1650033282.522, '102']","[1650033312.522, '102']","[1650033342.524, '102']","[1650033372.522, '102']","[1650033402.522, '102']","[1650033432.522, '102']","[1650033462.522, '102']","[1650033492.522, '102']","[1650033522.522, '102']","[1650033552.522, '102']","[1650033582.522, '102']","[1650033612.522, '102']","[1650033642.522, '102']","[1650033672.522, '102']","[1650033702.522, '102']","[1650033732.522, '102']","[1650033762.526, '102']","[1650033792.522, '102']","[1650033822.522, '102']","[1650033852.522, '102']","[1650033882.525, '102']","[1650033912.522, '102']","[1650033942.522, '102']","[1650033972.524, '102']","[1650034002.522, '102']","[1650034032.522, '102']","[1650034062.522, '102']","[1650034092.522, '102']","[1650034122.524, '102']","[1650034152.522, '102']","[1650034182.528, '102']","[1650034212.522, '102']","[1650034242.522, '102']","[1650034272.522, '102']","[1650034302.522, '102']","[1650034332.528, '102']","[1650034362.522, '102']",config-reloader,https-metrics,/kubepods/burstable/pod2a7a858b-b6c2-4399-b027-207baa98f5ba/5f8b70d7399ad6859f7c01343764a03669949f316984cc169963f0807e511cba,sha256:ae8e4c9feb781fd0a4c599e69ee357ff1dabca943f968bef7147712c42426105,10.1.0.79:10250,kubelet,/metrics/cadvisor,5f8b70d7399ad6859f7c01343764a03669949f316984cc169963f0807e511cba,monitoring,fv-az208-96,prometheus-k8s-1,kubelet
container_spec_cpu_shares,"[1650032622.522, '102']","[1650032652.522, '102']","[1650032682.522, '102']","[1650032712.524, '102']","[1650032742.525, '102']","[1650032772.522, '102']","[1650032802.522, '102']","[1650032832.522, '102']","[1650032862.522, '102']","[1650032892.522, '102']","[1650032922.522, '102']","[1650032952.522, '102']","[1650032982.522, '102']","[1650033012.522, '102']","[1650033042.522, '102']","[1650033072.522, '102']","[1650033102.522, '102']","[1650033132.522, '102']","[1650033162.522, '102']","[1650033192.522, '102']","[1650033222.522, '102']","[1650033252.522, '102']","[1650033282.522, '102']","[1650033312.522, '102']","[1650033342.524, '102']","[1650033372.522, '102']","[1650033402.522, '102']","[1650033432.522, '102']","[1650033462.522, '102']","[1650033492.522, '102']","[1650033522.522, '102']","[1650033552.522, '102']","[1650033582.522, '102']","[1650033612.522, '102']","[1650033642.522, '102']","[1650033672.522, '102']","[1650033702.522, '102']","[1650033732.522, '102']","[1650033762.526, '102']","[1650033792.522, '102']","[1650033822.522, '102']","[1650033852.522, '102']","[1650033882.525, '102']","[1650033912.522, '102']","[1650033942.522, '102']","[1650033972.524, '102']","[1650034002.522, '102']","[1650034032.522, '102']","[1650034062.522, '102']","[1650034092.522, '102']","[1650034122.524, '102']","[1650034152.522, '102']","[1650034182.528, '102']","[1650034212.522, '102']","[1650034242.522, '102']","[1650034272.522, '102']","[1650034302.522, '102']","[1650034332.528, '102']","[1650034362.522, '102']",config-reloader,https-metrics,/kubepods/burstable/pod3ca78248-fa61-4038-b10e-e2f1208c87a9/e042aba2206e697d8fc69dda89010af0bfaacf5a5c58bf0cca9a5fd24ffe8b74,sha256:ae8e4c9feb781fd0a4c599e69ee357ff1dabca943f968bef7147712c42426105,10.1.0.79:10250,kubelet,/metrics/cadvisor,e042aba2206e697d8fc69dda89010af0bfaacf5a5c58bf0cca9a5fd24ffe8b74,monitoring,fv-az208-96,alertmanager-main-1,kubelet
container_spec_cpu_shares,"[1650032622.522, '102']","[1650032652.522, '102']","[1650032682.522, '102']","[1650032712.524, '102']","[1650032742.525, '102']","[1650032772.522, '102']","[1650032802.522, '102']","[1650032832.522, '102']","[1650032862.522, '102']","[1650032892.522, '102']","[1650032922.522, '102']","[1650032952.522, '102']","[1650032982.522, '102']","[1650033012.522, '102']","[1650033042.522, '102']","[1650033072.522, '102']","[1650033102.522, '102']","[1650033132.522, '102']","[1650033162.522, '102']","[1650033192.522, '102']","[1650033222.522, '102']","[1650033252.522, '102']","[1650033282.522, '102']","[1650033312.522, '102']","[1650033342.524, '102']","[1650033372.522, '102']","[1650033402.522, '102']","[1650033432.522, '102']","[1650033462.522, '102']","[1650033492.522, '102']","[1650033522.522, '102']","[1650033552.522, '102']","[1650033582.522, '102']","[1650033612.522, '102']","[1650033642.522, '102']","[1650033672.522, '102']","[1650033702.522, '102']","[1650033732.522, '102']","[1650033762.526, '102']","[1650033792.522, '102']","[1650033822.522, '102']","[1650033852.522, '102']","[1650033882.525, '102']","[1650033912.522, '102']","[1650033942.522, '102']","[1650033972.524, '102']","[1650034002.522, '102']","[1650034032.522, '102']","[1650034062.522, '102']","[1650034092.522, '102']","[1650034122.524, '102']","[1650034152.522, '102']","[1650034182.528, '102']","[1650034212.522, '102']","[1650034242.522, '102']","[1650034272.522, '102']","[1650034302.522, '102']","[1650034332.528, '102']","[1650034362.522, '102']",config-reloader,https-metrics,/kubepods/burstable/pod50b7f670-4f31-4c34-8948-f3a3b4ead9a1/ff4d0c0ea42f9934d3652cbc6182646833303d9c955bea76dfd362dc59386f98,sha256:ae8e4c9feb781fd0a4c599e69ee357ff1dabca943f968bef7147712c42426105,10.1.0.79:10250,kubelet,/metrics/cadvisor,ff4d0c0ea42f9934d3652cbc6182646833303d9c955bea76dfd362dc59386f98,monitoring,fv-az208-96,prometheus-k8s-0,kubelet
container_spec_cpu_shares,"[1650032622.522, '102']","[1650032652.522, '102']","[1650032682.522, '102']","[1650032712.524, '102']","[1650032742.525, '102']","[1650032772.522, '102']","[1650032802.522, '102']","[1650032832.522, '102']","[1650032862.522, '102']","[1650032892.522, '102']","[1650032922.522, '102']","[1650032952.522, '102']","[1650032982.522, '102']","[1650033012.522, '102']","[1650033042.522, '102']","[1650033072.522, '102']","[1650033102.522, '102']","[1650033132.522, '102']","[1650033162.522, '102']","[1650033192.522, '102']","[1650033222.522, '102']","[1650033252.522, '102']","[1650033282.522, '102']","[1650033312.522, '102']","[1650033342.524, '102']","[1650033372.522, '102']","[1650033402.522, '102']","[1650033432.522, '102']","[1650033462.522, '102']","[1650033492.522, '102']","[1650033522.522, '102']","[1650033552.522, '102']","[1650033582.522, '102']","[1650033612.522, '102']","[1650033642.522, '102']","[1650033672.522, '102']","[1650033702.522, '102']","[1650033732.522, '102']","[1650033762.526, '102']","[1650033792.522, '102']","[1650033822.522, '102']","[1650033852.522, '102']","[1650033882.525, '102']","[1650033912.522, '102']","[1650033942.522, '102']","[1650033972.524, '102']","[1650034002.522, '102']","[1650034032.522, '102']","[1650034062.522, '102']","[1650034092.522, '102']","[1650034122.524, '102']","[1650034152.522, '102']","[1650034182.528, '102']","[1650034212.522, '102']","[1650034242.522, '102']","[1650034272.522, '102']","[1650034302.522, '102']","[1650034332.528, '102']","[1650034362.522, '102']",config-reloader,https-metrics,/kubepods/burstable/podbdac4dc3-6a8c-46a1-959e-286a3642f8e2/d6a8b5c419a763d8f6915297bdc9389984a9c954daf4f70ec7db65ac4d93d503,sha256:ae8e4c9feb781fd0a4c599e69ee357ff1dabca943f968bef7147712c42426105,10.1.0.79:10250,kubelet,/metrics/cadvisor,d6a8b5c419a763d8f6915297bdc9389984a9c954daf4f70ec7db65ac4d93d503,monitoring,fv-az208-96,prometheus-service-prometheus-1,kubelet
container_spec_cpu_shares,"[1650032622.522, '102']","[1650032652.522, '102']","[1650032682.522, '102']","[1650032712.524, '102']","[1650032742.525, '102']","[1650032772.522, '102']","[1650032802.522, '102']","[1650032832.522, '102']","[1650032862.522, '102']","[1650032892.522, '102']","[1650032922.522, '102']","[1650032952.522, '102']","[1650032982.522, '102']","[1650033012.522, '102']","[1650033042.522, '102']","[1650033072.522, '102']","[1650033102.522, '102']","[1650033132.522, '102']","[1650033162.522, '102']","[1650033192.522, '102']","[1650033222.522, '102']","[1650033252.522, '102']","[1650033282.522, '102']","[1650033312.522, '102']","[1650033342.524, '102']","[1650033372.522, '102']","[1650033402.522, '102']","[1650033432.522, '102']","[1650033462.522, '102']","[1650033492.522, '102']","[1650033522.522, '102']","[1650033552.522, '102']","[1650033582.522, '102']","[1650033612.522, '102']","[1650033642.522, '102']","[1650033672.522, '102']","[1650033702.522, '102']","[1650033732.522, '102']","[1650033762.526, '102']","[1650033792.522, '102']","[1650033822.522, '102']","[1650033852.522, '102']","[1650033882.525, '102']","[1650033912.522, '102']","[1650033942.522, '102']","[1650033972.524, '102']","[1650034002.522, '102']","[1650034032.522, '102']","[1650034062.522, '102']","[1650034092.522, '102']","[1650034122.524, '102']","[1650034152.522, '102']","[1650034182.528, '102']","[1650034212.522, '102']","[1650034242.522, '102']","[1650034272.522, '102']","[1650034302.522, '102']","[1650034332.528, '102']","[1650034362.522, '102']",config-reloader,https-metrics,/kubepods/burstable/podc7dbd9a5-f164-4dcd-a7b9-fb3cc8fc4af2/7d9599444e83f27f03bb4420d71f7d798bb2a2e2f2b828d32fac993416174eab,sha256:ae8e4c9feb781fd0a4c599e69ee357ff1dabca943f968bef7147712c42426105,10.1.0.79:10250,kubelet,/metrics/cadvisor,7d9599444e83f27f03bb4420d71f7d798bb2a2e2f2b828d32fac993416174eab,monitoring,fv-az208-96,alertmanager-main-0,kubelet
container_spec_cpu_shares,"[1650032622.522, '102']","[1650032652.522, '102']","[1650032682.522, '102']","[1650032712.524, '102']","[1650032742.525, '102']","[1650032772.522, '102']","[1650032802.522, '102']","[1650032832.522, '102']","[1650032862.522, '102']","[1650032892.522, '102']","[1650032922.522, '102']","[1650032952.522, '102']","[1650032982.522, '102']","[1650033012.522, '102']","[1650033042.522, '102']","[1650033072.522, '102']","[1650033102.522, '102']","[1650033132.522, '102']","[1650033162.522, '102']","[1650033192.522, '102']","[1650033222.522, '102']","[1650033252.522, '102']","[1650033282.522, '102']","[1650033312.522, '102']","[1650033342.524, '102']","[1650033372.522, '102']","[1650033402.522, '102']","[1650033432.522, '102']","[1650033462.522, '102']","[1650033492.522, '102']","[1650033522.522, '102']","[1650033552.522, '102']","[1650033582.522, '102']","[1650033612.522, '102']","[1650033642.522, '102']","[1650033672.522, '102']","[1650033702.522, '102']","[1650033732.522, '102']","[1650033762.526, '102']","[1650033792.522, '102']","[1650033822.522, '102']","[1650033852.522, '102']","[1650033882.525, '102']","[1650033912.522, '102']","[1650033942.522, '102']","[1650033972.524, '102']","[1650034002.522, '102']","[1650034032.522, '102']","[1650034062.522, '102']","[1650034092.522, '102']","[1650034122.524, '102']","[1650034152.522, '102']","[1650034182.528, '102']","[1650034212.522, '102']","[1650034242.522, '102']","[1650034272.522, '102']","[1650034302.522, '102']","[1650034332.528, '102']","[1650034362.522, '102']",coredns,https-metrics,/kubepods/burstable/pod9b5c97ee-8837-4d76-b3e5-b302db8d4555/556434e6a9b13b8fe1c66084b8b2c0e7c0d0cf5acdc5748092628740f8edc49e,docker.io/rancher/mirrored-coredns-coredns:1.9.1,10.1.0.79:10250,kubelet,/metrics/cadvisor,556434e6a9b13b8fe1c66084b8b2c0e7c0d0cf5acdc5748092628740f8edc49e,kube-system,fv-az208-96,coredns-574bcc6c46-ndvdg,kubelet
container_spec_cpu_shares,"[1650032622.522, '102']","[1650032652.522, '102']","[1650032682.522, '102']","[1650032712.524, '102']","[1650032742.525, '102']","[1650032772.522, '102']","[1650032802.522, '102']","[1650032832.522, '102']","[1650032862.522, '102']","[1650032892.522, '102']","[1650032922.522, '102']","[1650032952.522, '102']","[1650032982.522, '102']","[1650033012.522, '102']","[1650033042.522, '102']","[1650033072.522, '102']","[1650033102.522, '102']","[1650033132.522, '102']","[1650033162.522, '102']","[1650033192.522, '102']","[1650033222.522, '102']","[1650033252.522, '102']","[1650033282.522, '102']","[1650033312.522, '102']","[1650033342.524, '102']","[1650033372.522, '102']","[1650033402.522, '102']","[1650033432.522, '102']","[1650033462.522, '102']","[1650033492.522, '102']","[1650033522.522, '102']","[1650033552.522, '102']","[1650033582.522, '102']","[1650033612.522, '102']","[1650033642.522, '102']","[1650033672.522, '102']","[1650033702.522, '102']","[1650033732.522, '102']","[1650033762.526, '102']","[1650033792.522, '102']","[1650033822.522, '102']","[1650033852.522, '102']","[1650033882.525, '102']","[1650033912.522, '102']","[1650033942.522, '102']","[1650033972.524, '102']","[1650034002.522, '102']","[1650034032.522, '102']","[1650034062.522, '102']","[1650034092.522, '102']","[1650034122.524, '102']","[1650034152.522, '102']","[1650034182.528, '102']","[1650034212.522, '102']","[1650034242.522, '102']","[1650034272.522, '102']","[1650034302.522, '102']","[1650034332.528, '102']","[1650034362.522, '102']",grafana,https-metrics,/kubepods/burstable/pod7826951f-087a-498c-a29d-fb61d6bf3e3b/5d332015e04a3895790ae7b52746ac855d8fded8fa029e16ed21e4725ff245af,docker.io/grafana/grafana:8.1.1,10.1.0.79:10250,kubelet,/metrics/cadvisor,5d332015e04a3895790ae7b52746ac855d8fded8fa029e16ed21e4725ff245af,monitoring,fv-az208-96,grafana-7476b4c65b-z4rfw,kubelet
container_spec_cpu_shares,"[1650032652.522, '2']","[1650032682.522, '2']","[1650032712.524, '2']","[1650032742.525, '2']","[1650032772.522, '2']","[1650032802.522, '2']","[1650032832.522, '2']","[1650032862.522, '2']","[1650032892.522, '2']","[1650032922.522, '2']","[1650032952.522, '2']","[1650032982.522, '2']","[1650033012.522, '2']","[1650033042.522, '2']","[1650033072.522, '2']","[1650033102.522, '2']","[1650033132.522, '2']","[1650033162.522, '2']","[1650033192.522, '2']","[1650033222.522, '2']","[1650033252.522, '2']","[1650033282.522, '2']","[1650033312.522, '2']","[1650033342.524, '2']","[1650033372.522, '2']","[1650033402.522, '2']","[1650033432.522, '2']","[1650033462.522, '2']","[1650033492.522, '2']","[1650033522.522, '2']","[1650033552.522, '2']","[1650033582.522, '2']","[1650033612.522, '2']","[1650033642.522, '2']","[1650033672.522, '2']","[1650033702.522, '2']","[1650033732.522, '2']","[1650033762.526, '2']","[1650033792.522, '2']","[1650033822.522, '2']","[1650033852.522, '2']","[1650033882.525, '2']","[1650033912.522, '2']","[1650033942.522, '2']","[1650033972.524, '2']","[1650034002.522, '2']","[1650034032.522, '2']","[1650034062.522, '2']","[1650034092.522, '2']","[1650034122.524, '2']","[1650034152.522, '2']","[1650034182.528, '2']","[1650034212.522, '2']","[1650034242.522, '2']","[1650034272.522, '2']","[1650034302.522, '2']","[1650034332.528, '2']","[1650034362.522, '2']",k6,https-metrics,/kubepods/besteffort/podfcf8a5e8-ef5e-437a-b907-5aa6d76c7532/146116b2aaa527d3c4daf3b0e04d0b2a76291c990c3c114c4a3a12cb46d1637b,docker.io/library/k6:dev,10.1.0.79:10250,kubelet,/metrics/cadvisor,146116b2aaa527d3c4daf3b0e04d0b2a76291c990c3c114c4a3a12cb46d1637b,default,fv-az208-96,k6,kubelet
container_spec_cpu_shares,"[1650032622.522, '10']","[1650032652.522, '10']","[1650032682.522, '10']","[1650032712.524, '10']","[1650032742.525, '10']","[1650032772.522, '10']","[1650032802.522, '10']","[1650032832.522, '10']","[1650032862.522, '10']","[1650032892.522, '10']","[1650032922.522, '10']","[1650032952.522, '10']","[1650032982.522, '10']","[1650033012.522, '10']","[1650033042.522, '10']","[1650033072.522, '10']","[1650033102.522, '10']","[1650033132.522, '10']","[1650033162.522, '10']","[1650033192.522, '10']","[1650033222.522, '10']","[1650033252.522, '10']","[1650033282.522, '10']","[1650033312.522, '10']","[1650033342.524, '10']","[1650033372.522, '10']","[1650033402.522, '10']","[1650033432.522, '10']","[1650033462.522, '10']","[1650033492.522, '10']","[1650033522.522, '10']","[1650033552.522, '10']","[1650033582.522, '10']","[1650033612.522, '10']","[1650033642.522, '10']","[1650033672.522, '10']","[1650033702.522, '10']","[1650033732.522, '10']","[1650033762.526, '10']","[1650033792.522, '10']","[1650033822.522, '10']","[1650033852.522, '10']","[1650033882.525, '10']","[1650033912.522, '10']","[1650033942.522, '10']","[1650033972.524, '10']","[1650034002.522, '10']","[1650034032.522, '10']","[1650034062.522, '10']","[1650034092.522, '10']","[1650034122.524, '10']","[1650034152.522, '10']","[1650034182.528, '10']","[1650034212.522, '10']","[1650034242.522, '10']","[1650034272.522, '10']","[1650034302.522, '10']","[1650034332.528, '10']","[1650034362.522, '10']",kube-rbac-proxy,https-metrics,/kubepods/burstable/pod87511c8c-97a2-4d23-b3aa-6fa7b65d8d62/e5b87ca7ba71391a57a26d8137b8ef0cd699aa5591646f2ad98e820c36eb86bc,sha256:29589495df8d994d4b8b7a59053569a43fb35c001fdf151984b225cbf4718d32,10.1.0.79:10250,kubelet,/metrics/cadvisor,e5b87ca7ba71391a57a26d8137b8ef0cd699aa5591646f2ad98e820c36eb86bc,monitoring,fv-az208-96,node-exporter-b5bvf,kubelet
container_spec_cpu_shares,"[1650032622.522, '10']","[1650032652.522, '10']","[1650032682.522, '10']","[1650032712.524, '10']","[1650032742.525, '10']","[1650032772.522, '10']","[1650032802.522, '10']","[1650032832.522, '10']","[1650032862.522, '10']","[1650032892.522, '10']","[1650032922.522, '10']","[1650032952.522, '10']","[1650032982.522, '10']","[1650033012.522, '10']","[1650033042.522, '10']","[1650033072.522, '10']","[1650033102.522, '10']","[1650033132.522, '10']","[1650033162.522, '10']","[1650033192.522, '10']","[1650033222.522, '10']","[1650033252.522, '10']","[1650033282.522, '10']","[1650033312.522, '10']","[1650033342.524, '10']","[1650033372.522, '10']","[1650033402.522, '10']","[1650033432.522, '10']","[1650033462.522, '10']","[1650033492.522, '10']","[1650033522.522, '10']","[1650033552.522, '10']","[1650033582.522, '10']","[1650033612.522, '10']","[1650033642.522, '10']","[1650033672.522, '10']","[1650033702.522, '10']","[1650033732.522, '10']","[1650033762.526, '10']","[1650033792.522, '10']","[1650033822.522, '10']","[1650033852.522, '10']","[1650033882.525, '10']","[1650033912.522, '10']","[1650033942.522, '10']","[1650033972.524, '10']","[1650034002.522, '10']","[1650034032.522, '10']","[1650034062.522, '10']","[1650034092.522, '10']","[1650034122.524, '10']","[1650034152.522, '10']","[1650034182.528, '10']","[1650034212.522, '10']","[1650034242.522, '10']","[1650034272.522, '10']","[1650034302.522, '10']","[1650034332.528, '10']","[1650034362.522, '10']",kube-rbac-proxy,https-metrics,/kubepods/burstable/podb9d1643f-780a-4397-b7da-770a85c44bdf/f3de59229dde2fa7303a56859f90c74e1e1613e2862f0880fbb86090b25250ea,sha256:29589495df8d994d4b8b7a59053569a43fb35c001fdf151984b225cbf4718d32,10.1.0.79:10250,kubelet,/metrics/cadvisor,f3de59229dde2fa7303a56859f90c74e1e1613e2862f0880fbb86090b25250ea,monitoring,fv-az208-96,blackbox-exporter-6798fb5bb4-klffv,kubelet
container_spec_cpu_shares,"[1650032622.522, '10']","[1650032652.522, '10']","[1650032682.522, '10']","[1650032712.524, '10']","[1650032742.525, '10']","[1650032772.522, '10']","[1650032802.522, '10']","[1650032832.522, '10']","[1650032862.522, '10']","[1650032892.522, '10']","[1650032922.522, '10']","[1650032952.522, '10']","[1650032982.522, '10']","[1650033012.522, '10']","[1650033042.522, '10']","[1650033072.522, '10']","[1650033102.522, '10']","[1650033132.522, '10']","[1650033162.522, '10']","[1650033192.522, '10']","[1650033222.522, '10']","[1650033252.522, '10']","[1650033282.522, '10']","[1650033312.522, '10']","[1650033342.524, '10']","[1650033372.522, '10']","[1650033402.522, '10']","[1650033432.522, '10']","[1650033462.522, '10']","[1650033492.522, '10']","[1650033522.522, '10']","[1650033552.522, '10']","[1650033582.522, '10']","[1650033612.522, '10']","[1650033642.522, '10']","[1650033672.522, '10']","[1650033702.522, '10']","[1650033732.522, '10']","[1650033762.526, '10']","[1650033792.522, '10']","[1650033822.522, '10']","[1650033852.522, '10']","[1650033882.525, '10']","[1650033912.522, '10']","[1650033942.522, '10']","[1650033972.524, '10']","[1650034002.522, '10']","[1650034032.522, '10']","[1650034062.522, '10']","[1650034092.522, '10']","[1650034122.524, '10']","[1650034152.522, '10']","[1650034182.528, '10']","[1650034212.522, '10']","[1650034242.522, '10']","[1650034272.522, '10']","[1650034302.522, '10']","[1650034332.528, '10']","[1650034362.522, '10']",kube-rbac-proxy,https-metrics,/kubepods/burstable/podfacf7a0b-3efa-4824-ab8c-775e44e23e0c/a559ea67fca9b05f700f7efaddc46e8be2a1b5c398182b58f7c17d3e055dde29,sha256:29589495df8d994d4b8b7a59053569a43fb35c001fdf151984b225cbf4718d32,10.1.0.79:10250,kubelet,/metrics/cadvisor,a559ea67fca9b05f700f7efaddc46e8be2a1b5c398182b58f7c17d3e055dde29,monitoring,fv-az208-96,prometheus-operator-75d9b475d9-l5mxw,kubelet
container_spec_cpu_shares,"[1650032622.522, '20']","[1650032652.522, '20']","[1650032682.522, '20']","[1650032712.524, '20']","[1650032742.525, '20']","[1650032772.522, '20']","[1650032802.522, '20']","[1650032832.522, '20']","[1650032862.522, '20']","[1650032892.522, '20']","[1650032922.522, '20']","[1650032952.522, '20']","[1650032982.522, '20']","[1650033012.522, '20']","[1650033042.522, '20']","[1650033072.522, '20']","[1650033102.522, '20']","[1650033132.522, '20']","[1650033162.522, '20']","[1650033192.522, '20']","[1650033222.522, '20']","[1650033252.522, '20']","[1650033282.522, '20']","[1650033312.522, '20']","[1650033342.524, '20']","[1650033372.522, '20']","[1650033402.522, '20']","[1650033432.522, '20']","[1650033462.522, '20']","[1650033492.522, '20']","[1650033522.522, '20']","[1650033552.522, '20']","[1650033582.522, '20']","[1650033612.522, '20']","[1650033642.522, '20']","[1650033672.522, '20']","[1650033702.522, '20']","[1650033732.522, '20']","[1650033762.526, '20']","[1650033792.522, '20']","[1650033822.522, '20']","[1650033852.522, '20']","[1650033882.525, '20']","[1650033912.522, '20']","[1650033942.522, '20']","[1650033972.524, '20']","[1650034002.522, '20']","[1650034032.522, '20']","[1650034062.522, '20']","[1650034092.522, '20']","[1650034122.524, '20']","[1650034152.522, '20']","[1650034182.528, '20']","[1650034212.522, '20']","[1650034242.522, '20']","[1650034272.522, '20']","[1650034302.522, '20']","[1650034332.528, '20']","[1650034362.522, '20']",kube-rbac-proxy-main,https-metrics,/kubepods/burstable/podfb4aaba9-0a85-4a64-be39-6b094902a600/3d46ac2dab76e9de9c6dbe90f64a0801c9cede01a010eb2bff39ee9162b6bb37,sha256:29589495df8d994d4b8b7a59053569a43fb35c001fdf151984b225cbf4718d32,10.1.0.79:10250,kubelet,/metrics/cadvisor,3d46ac2dab76e9de9c6dbe90f64a0801c9cede01a010eb2bff39ee9162b6bb37,monitoring,fv-az208-96,kube-state-metrics-74964b6cd4-s8bqk,kubelet
container_spec_cpu_shares,"[1650032622.522, '10']","[1650032652.522, '10']","[1650032682.522, '10']","[1650032712.524, '10']","[1650032742.525, '10']","[1650032772.522, '10']","[1650032802.522, '10']","[1650032832.522, '10']","[1650032862.522, '10']","[1650032892.522, '10']","[1650032922.522, '10']","[1650032952.522, '10']","[1650032982.522, '10']","[1650033012.522, '10']","[1650033042.522, '10']","[1650033072.522, '10']","[1650033102.522, '10']","[1650033132.522, '10']","[1650033162.522, '10']","[1650033192.522, '10']","[1650033222.522, '10']","[1650033252.522, '10']","[1650033282.522, '10']","[1650033312.522, '10']","[1650033342.524, '10']","[1650033372.522, '10']","[1650033402.522, '10']","[1650033432.522, '10']","[1650033462.522, '10']","[1650033492.522, '10']","[1650033522.522, '10']","[1650033552.522, '10']","[1650033582.522, '10']","[1650033612.522, '10']","[1650033642.522, '10']","[1650033672.522, '10']","[1650033702.522, '10']","[1650033732.522, '10']","[1650033762.526, '10']","[1650033792.522, '10']","[1650033822.522, '10']","[1650033852.522, '10']","[1650033882.525, '10']","[1650033912.522, '10']","[1650033942.522, '10']","[1650033972.524, '10']","[1650034002.522, '10']","[1650034032.522, '10']","[1650034062.522, '10']","[1650034092.522, '10']","[1650034122.524, '10']","[1650034152.522, '10']","[1650034182.528, '10']","[1650034212.522, '10']","[1650034242.522, '10']","[1650034272.522, '10']","[1650034302.522, '10']","[1650034332.528, '10']","[1650034362.522, '10']",kube-rbac-proxy-self,https-metrics,/kubepods/burstable/podfb4aaba9-0a85-4a64-be39-6b094902a600/bd3ccec954c23abd4f84649922abe4bb13a59168c12a5c71e9fb9dd56a872c31,sha256:29589495df8d994d4b8b7a59053569a43fb35c001fdf151984b225cbf4718d32,10.1.0.79:10250,kubelet,/metrics/cadvisor,bd3ccec954c23abd4f84649922abe4bb13a59168c12a5c71e9fb9dd56a872c31,monitoring,fv-az208-96,kube-state-metrics-74964b6cd4-s8bqk,kubelet
container_spec_cpu_shares,"[1650032622.522, '10']","[1650032652.522, '10']","[1650032682.522, '10']","[1650032712.524, '10']","[1650032742.525, '10']","[1650032772.522, '10']","[1650032802.522, '10']","[1650032832.522, '10']","[1650032862.522, '10']","[1650032892.522, '10']","[1650032922.522, '10']","[1650032952.522, '10']","[1650032982.522, '10']","[1650033012.522, '10']","[1650033042.522, '10']","[1650033072.522, '10']","[1650033102.522, '10']","[1650033132.522, '10']","[1650033162.522, '10']","[1650033192.522, '10']","[1650033222.522, '10']","[1650033252.522, '10']","[1650033282.522, '10']","[1650033312.522, '10']","[1650033342.524, '10']","[1650033372.522, '10']","[1650033402.522, '10']","[1650033432.522, '10']","[1650033462.522, '10']","[1650033492.522, '10']","[1650033522.522, '10']","[1650033552.522, '10']","[1650033582.522, '10']","[1650033612.522, '10']","[1650033642.522, '10']","[1650033672.522, '10']","[1650033702.522, '10']","[1650033732.522, '10']","[1650033762.526, '10']","[1650033792.522, '10']","[1650033822.522, '10']","[1650033852.522, '10']","[1650033882.525, '10']","[1650033912.522, '10']","[1650033942.522, '10']","[1650033972.524, '10']","[1650034002.522, '10']","[1650034032.522, '10']","[1650034062.522, '10']","[1650034092.522, '10']","[1650034122.524, '10']","[1650034152.522, '10']","[1650034182.528, '10']","[1650034212.522, '10']","[1650034242.522, '10']","[1650034272.522, '10']","[1650034302.522, '10']","[1650034332.528, '10']","[1650034362.522, '10']",kube-state-metrics,https-metrics,/kubepods/burstable/podfb4aaba9-0a85-4a64-be39-6b094902a600/534109606f351b0a970b66c25fadd9e9420f3873762ac385fc42e480662ff809,k8s.gcr.io/kube-state-metrics/kube-state-metrics@sha256:11dda1f8d2478569ddd06ae502bf3ffab70ecf885dce765f08456e1bc42880a1,10.1.0.79:10250,kubelet,/metrics/cadvisor,534109606f351b0a970b66c25fadd9e9420f3873762ac385fc42e480662ff809,monitoring,fv-az208-96,kube-state-metrics-74964b6cd4-s8bqk,kubelet
container_spec_cpu_shares,"[1650032622.522, '2']","[1650032652.522, '2']","[1650032682.522, '2']","[1650032712.524, '2']","[1650032742.525, '2']","[1650032772.522, '2']","[1650032802.522, '2']","[1650032832.522, '2']","[1650032862.522, '2']","[1650032892.522, '2']","[1650032922.522, '2']","[1650032952.522, '2']","[1650032982.522, '2']","[1650033012.522, '2']","[1650033042.522, '2']","[1650033072.522, '2']","[1650033102.522, '2']","[1650033132.522, '2']","[1650033162.522, '2']","[1650033192.522, '2']","[1650033222.522, '2']","[1650033252.522, '2']","[1650033282.522, '2']","[1650033312.522, '2']","[1650033342.524, '2']","[1650033372.522, '2']","[1650033402.522, '2']","[1650033432.522, '2']","[1650033462.522, '2']","[1650033492.522, '2']","[1650033522.522, '2']","[1650033552.522, '2']","[1650033582.522, '2']","[1650033612.522, '2']","[1650033642.522, '2']","[1650033672.522, '2']","[1650033702.522, '2']","[1650033732.522, '2']","[1650033762.526, '2']","[1650033792.522, '2']","[1650033822.522, '2']","[1650033852.522, '2']","[1650033882.525, '2']","[1650033912.522, '2']","[1650033942.522, '2']","[1650033972.524, '2']","[1650034002.522, '2']","[1650034032.522, '2']","[1650034062.522, '2']","[1650034092.522, '2']","[1650034122.524, '2']","[1650034152.522, '2']","[1650034182.528, '2']","[1650034212.522, '2']","[1650034242.522, '2']","[1650034272.522, '2']","[1650034302.522, '2']","[1650034332.528, '2']","[1650034362.522, '2']",lb-port-443,https-metrics,/kubepods/besteffort/pod87930bdd-ab1f-488e-a3ac-e5e50a9f8f30/8a403b2b7b1ccadd21eac663cb6df7b62ecee9ca190ab95db5d10ecff1a7ca4e,docker.io/rancher/klipper-lb@sha256:d5ec8350ee1a80ec783effe95a2fefae371d1498ac04865cb6024499882f291c,10.1.0.79:10250,kubelet,/metrics/cadvisor,8a403b2b7b1ccadd21eac663cb6df7b62ecee9ca190ab95db5d10ecff1a7ca4e,kube-system,fv-az208-96,svclb-traefik-9z6q6,kubelet
container_spec_cpu_shares,"[1650032622.522, '2']","[1650032652.522, '2']","[1650032682.522, '2']","[1650032712.524, '2']","[1650032742.525, '2']","[1650032772.522, '2']","[1650032802.522, '2']","[1650032832.522, '2']","[1650032862.522, '2']","[1650032892.522, '2']","[1650032922.522, '2']","[1650032952.522, '2']","[1650032982.522, '2']","[1650033012.522, '2']","[1650033042.522, '2']","[1650033072.522, '2']","[1650033102.522, '2']","[1650033132.522, '2']","[1650033162.522, '2']","[1650033192.522, '2']","[1650033222.522, '2']","[1650033252.522, '2']","[1650033282.522, '2']","[1650033312.522, '2']","[1650033342.524, '2']","[1650033372.522, '2']","[1650033402.522, '2']","[1650033432.522, '2']","[1650033462.522, '2']","[1650033492.522, '2']","[1650033522.522, '2']","[1650033552.522, '2']","[1650033582.522, '2']","[1650033612.522, '2']","[1650033642.522, '2']","[1650033672.522, '2']","[1650033702.522, '2']","[1650033732.522, '2']","[1650033762.526, '2']","[1650033792.522, '2']","[1650033822.522, '2']","[1650033852.522, '2']","[1650033882.525, '2']","[1650033912.522, '2']","[1650033942.522, '2']","[1650033972.524, '2']","[1650034002.522, '2']","[1650034032.522, '2']","[1650034062.522, '2']","[1650034092.522, '2']","[1650034122.524, '2']","[1650034152.522, '2']","[1650034182.528, '2']","[1650034212.522, '2']","[1650034242.522, '2']","[1650034272.522, '2']","[1650034302.522, '2']","[1650034332.528, '2']","[1650034362.522, '2']",lb-port-80,https-metrics,/kubepods/besteffort/pod87930bdd-ab1f-488e-a3ac-e5e50a9f8f30/afcdde746e3eeac0e8d0d6e36f4f336ec26e47a7ab74c1ba31e51d2f58df75ac,docker.io/rancher/klipper-lb@sha256:d5ec8350ee1a80ec783effe95a2fefae371d1498ac04865cb6024499882f291c,10.1.0.79:10250,kubelet,/metrics/cadvisor,afcdde746e3eeac0e8d0d6e36f4f336ec26e47a7ab74c1ba31e51d2f58df75ac,kube-system,fv-az208-96,svclb-traefik-9z6q6,kubelet
container_spec_cpu_shares,"[1650032622.522, '2']","[1650032652.522, '2']","[1650032682.522, '2']","[1650032712.524, '2']","[1650032742.525, '2']","[1650032772.522, '2']","[1650032802.522, '2']","[1650032832.522, '2']","[1650032862.522, '2']","[1650032892.522, '2']","[1650032922.522, '2']","[1650032952.522, '2']","[1650032982.522, '2']","[1650033012.522, '2']","[1650033042.522, '2']","[1650033072.522, '2']","[1650033102.522, '2']","[1650033132.522, '2']","[1650033162.522, '2']","[1650033192.522, '2']","[1650033222.522, '2']","[1650033252.522, '2']","[1650033282.522, '2']","[1650033312.522, '2']","[1650033342.524, '2']","[1650033372.522, '2']","[1650033402.522, '2']","[1650033432.522, '2']","[1650033462.522, '2']","[1650033492.522, '2']","[1650033522.522, '2']","[1650033552.522, '2']","[1650033582.522, '2']","[1650033612.522, '2']","[1650033642.522, '2']","[1650033672.522, '2']","[1650033702.522, '2']","[1650033732.522, '2']","[1650033762.526, '2']","[1650033792.522, '2']","[1650033822.522, '2']","[1650033852.522, '2']","[1650033882.525, '2']","[1650033912.522, '2']","[1650033942.522, '2']","[1650033972.524, '2']","[1650034002.522, '2']","[1650034032.522, '2']","[1650034062.522, '2']","[1650034092.522, '2']","[1650034122.524, '2']","[1650034152.522, '2']","[1650034182.528, '2']","[1650034212.522, '2']","[1650034242.522, '2']","[1650034272.522, '2']","[1650034302.522, '2']","[1650034332.528, '2']","[1650034362.522, '2']",local-path-provisioner,https-metrics,/kubepods/besteffort/pod27318a4e-9958-48e8-bd2e-1fce20bb9980/a4aebde761eee03a428ba32b98bc08ee3dbf40781ff023e6f04c47931697dc5a,docker.io/rancher/local-path-provisioner:v0.0.21,10.1.0.79:10250,kubelet,/metrics/cadvisor,a4aebde761eee03a428ba32b98bc08ee3dbf40781ff023e6f04c47931697dc5a,kube-system,fv-az208-96,local-path-provisioner-84bb864455-q557m,kubelet
container_spec_cpu_shares,"[1650032622.522, '10']","[1650032652.522, '10']","[1650032682.522, '10']","[1650032712.524, '10']","[1650032742.525, '10']","[1650032772.522, '10']","[1650032802.522, '10']","[1650032832.522, '10']","[1650032862.522, '10']","[1650032892.522, '10']","[1650032922.522, '10']","[1650032952.522, '10']","[1650032982.522, '10']","[1650033012.522, '10']","[1650033042.522, '10']","[1650033072.522, '10']","[1650033102.522, '10']","[1650033132.522, '10']","[1650033162.522, '10']","[1650033192.522, '10']","[1650033222.522, '10']","[1650033252.522, '10']","[1650033282.522, '10']","[1650033312.522, '10']","[1650033342.524, '10']","[1650033372.522, '10']","[1650033402.522, '10']","[1650033432.522, '10']","[1650033462.522, '10']","[1650033492.522, '10']","[1650033522.522, '10']","[1650033552.522, '10']","[1650033582.522, '10']","[1650033612.522, '10']","[1650033642.522, '10']","[1650033672.522, '10']","[1650033702.522, '10']","[1650033732.522, '10']","[1650033762.526, '10']","[1650033792.522, '10']","[1650033822.522, '10']","[1650033852.522, '10']","[1650033882.525, '10']","[1650033912.522, '10']","[1650033942.522, '10']","[1650033972.524, '10']","[1650034002.522, '10']","[1650034032.522, '10']","[1650034062.522, '10']","[1650034092.522, '10']","[1650034122.524, '10']","[1650034152.522, '10']","[1650034182.528, '10']","[1650034212.522, '10']","[1650034242.522, '10']","[1650034272.522, '10']","[1650034302.522, '10']","[1650034332.528, '10']","[1650034362.522, '10']",module-configmap-reloader,https-metrics,/kubepods/burstable/podb9d1643f-780a-4397-b7da-770a85c44bdf/d946f9058c64b21b085f8d082a949cf12b229b61630aa4e73003b09c69f929e8,docker.io/jimmidyson/configmap-reload@sha256:904d08e9f701d3d8178cb61651dbe8edc5d08dd5895b56bdcac9e5805ea82b52,10.1.0.79:10250,kubelet,/metrics/cadvisor,d946f9058c64b21b085f8d082a949cf12b229b61630aa4e73003b09c69f929e8,monitoring,fv-az208-96,blackbox-exporter-6798fb5bb4-klffv,kubelet
container_spec_cpu_shares,"[1650032622.522, '104']","[1650032652.522, '104']","[1650032682.522, '104']","[1650032712.524, '104']","[1650032742.525, '104']","[1650032772.522, '104']","[1650032802.522, '104']","[1650032832.522, '104']","[1650032862.522, '104']","[1650032892.522, '104']","[1650032922.522, '104']","[1650032952.522, '104']","[1650032982.522, '104']","[1650033012.522, '104']","[1650033042.522, '104']","[1650033072.522, '104']","[1650033102.522, '104']","[1650033132.522, '104']","[1650033162.522, '104']","[1650033192.522, '104']","[1650033222.522, '104']","[1650033252.522, '104']","[1650033282.522, '104']","[1650033312.522, '104']","[1650033342.524, '104']","[1650033372.522, '104']","[1650033402.522, '104']","[1650033432.522, '104']","[1650033462.522, '104']","[1650033492.522, '104']","[1650033522.522, '104']","[1650033552.522, '104']","[1650033582.522, '104']","[1650033612.522, '104']","[1650033642.522, '104']","[1650033672.522, '104']","[1650033702.522, '104']","[1650033732.522, '104']","[1650033762.526, '104']","[1650033792.522, '104']","[1650033822.522, '104']","[1650033852.522, '104']","[1650033882.525, '104']","[1650033912.522, '104']","[1650033942.522, '104']","[1650033972.524, '104']","[1650034002.522, '104']","[1650034032.522, '104']","[1650034062.522, '104']","[1650034092.522, '104']","[1650034122.524, '104']","[1650034152.522, '104']","[1650034182.528, '104']","[1650034212.522, '104']","[1650034242.522, '104']","[1650034272.522, '104']","[1650034302.522, '104']","[1650034332.528, '104']","[1650034362.522, '104']",node-exporter,https-metrics,/kubepods/burstable/pod87511c8c-97a2-4d23-b3aa-6fa7b65d8d62/70002f58d54cf47b550ea25b66158273067f746fc46de4570aed876fb6a0adf0,quay.io/prometheus/node-exporter:v1.2.2,10.1.0.79:10250,kubelet,/metrics/cadvisor,70002f58d54cf47b550ea25b66158273067f746fc46de4570aed876fb6a0adf0,monitoring,fv-az208-96,node-exporter-b5bvf,kubelet
container_spec_cpu_shares,"[1650032622.522, '2']","[1650032652.522, '2']","[1650032682.522, '2']","[1650032712.524, '2']","[1650032742.525, '2']","[1650032772.522, '2']","[1650032802.522, '2']","[1650032832.522, '2']","[1650032862.522, '2']","[1650032892.522, '2']","[1650032922.522, '2']","[1650032952.522, '2']","[1650032982.522, '2']","[1650033012.522, '2']","[1650033042.522, '2']","[1650033072.522, '2']","[1650033102.522, '2']","[1650033132.522, '2']","[1650033162.522, '2']","[1650033192.522, '2']","[1650033222.522, '2']","[1650033252.522, '2']","[1650033282.522, '2']","[1650033312.522, '2']","[1650033342.524, '2']","[1650033372.522, '2']","[1650033402.522, '2']","[1650033432.522, '2']","[1650033462.522, '2']","[1650033492.522, '2']","[1650033522.522, '2']","[1650033552.522, '2']","[1650033582.522, '2']","[1650033612.522, '2']","[1650033642.522, '2']","[1650033672.522, '2']","[1650033702.522, '2']","[1650033732.522, '2']","[1650033762.526, '2']","[1650033792.522, '2']","[1650033822.522, '2']","[1650033852.522, '2']","[1650033882.525, '2']","[1650033912.522, '2']","[1650033942.522, '2']","[1650033972.524, '2']","[1650034002.522, '2']","[1650034032.522, '2']","[1650034062.522, '2']","[1650034092.522, '2']","[1650034122.524, '2']","[1650034152.522, '2']","[1650034182.528, '2']","[1650034212.522, '2']","[1650034242.522, '2']","[1650034272.522, '2']","[1650034302.522, '2']","[1650034332.528, '2']","[1650034362.522, '2']",prometheus,https-metrics,/kubepods/burstable/pod03b4c436-6036-43aa-b9ff-68b070c1d26b/255bb9b26818f0e3bce009678c0301e029424e3828188cf96e8bf1ee10183b0a,quay.io/prometheus/prometheus:latest,10.1.0.79:10250,kubelet,/metrics/cadvisor,255bb9b26818f0e3bce009678c0301e029424e3828188cf96e8bf1ee10183b0a,monitoring,fv-az208-96,prometheus-service-prometheus-0,kubelet
container_spec_cpu_shares,"[1650032622.522, '2']","[1650032652.522, '2']","[1650032682.522, '2']","[1650032712.524, '2']","[1650032742.525, '2']","[1650032772.522, '2']","[1650032802.522, '2']","[1650032832.522, '2']","[1650032862.522, '2']","[1650032892.522, '2']","[1650032922.522, '2']","[1650032952.522, '2']","[1650032982.522, '2']","[1650033012.522, '2']","[1650033042.522, '2']","[1650033072.522, '2']","[1650033102.522, '2']","[1650033132.522, '2']","[1650033162.522, '2']","[1650033192.522, '2']","[1650033222.522, '2']","[1650033252.522, '2']","[1650033282.522, '2']","[1650033312.522, '2']","[1650033342.524, '2']","[1650033372.522, '2']","[1650033402.522, '2']","[1650033432.522, '2']","[1650033462.522, '2']","[1650033492.522, '2']","[1650033522.522, '2']","[1650033552.522, '2']","[1650033582.522, '2']","[1650033612.522, '2']","[1650033642.522, '2']","[1650033672.522, '2']","[1650033702.522, '2']","[1650033732.522, '2']","[1650033762.526, '2']","[1650033792.522, '2']","[1650033822.522, '2']","[1650033852.522, '2']","[1650033882.525, '2']","[1650033912.522, '2']","[1650033942.522, '2']","[1650033972.524, '2']","[1650034002.522, '2']","[1650034032.522, '2']","[1650034062.522, '2']","[1650034092.522, '2']","[1650034122.524, '2']","[1650034152.522, '2']","[1650034182.528, '2']","[1650034212.522, '2']","[1650034242.522, '2']","[1650034272.522, '2']","[1650034302.522, '2']","[1650034332.528, '2']","[1650034362.522, '2']",prometheus,https-metrics,/kubepods/burstable/pod2a7a858b-b6c2-4399-b027-207baa98f5ba/b09a59324fadc48f331d9d8027ab8e1a31957d14d7d0dc0130de362609ca343a,quay.io/prometheus/prometheus:v2.29.1,10.1.0.79:10250,kubelet,/metrics/cadvisor,b09a59324fadc48f331d9d8027ab8e1a31957d14d7d0dc0130de362609ca343a,monitoring,fv-az208-96,prometheus-k8s-1,kubelet
container_spec_cpu_shares,"[1650032622.522, '2']","[1650032652.522, '2']","[1650032682.522, '2']","[1650032712.524, '2']","[1650032742.525, '2']","[1650032772.522, '2']","[1650032802.522, '2']","[1650032832.522, '2']","[1650032862.522, '2']","[1650032892.522, '2']","[1650032922.522, '2']","[1650032952.522, '2']","[1650032982.522, '2']","[1650033012.522, '2']","[1650033042.522, '2']","[1650033072.522, '2']","[1650033102.522, '2']","[1650033132.522, '2']","[1650033162.522, '2']","[1650033192.522, '2']","[1650033222.522, '2']","[1650033252.522, '2']","[1650033282.522, '2']","[1650033312.522, '2']","[1650033342.524, '2']","[1650033372.522, '2']","[1650033402.522, '2']","[1650033432.522, '2']","[1650033462.522, '2']","[1650033492.522, '2']","[1650033522.522, '2']","[1650033552.522, '2']","[1650033582.522, '2']","[1650033612.522, '2']","[1650033642.522, '2']","[1650033672.522, '2']","[1650033702.522, '2']","[1650033732.522, '2']","[1650033762.526, '2']","[1650033792.522, '2']","[1650033822.522, '2']","[1650033852.522, '2']","[1650033882.525, '2']","[1650033912.522, '2']","[1650033942.522, '2']","[1650033972.524, '2']","[1650034002.522, '2']","[1650034032.522, '2']","[1650034062.522, '2']","[1650034092.522, '2']","[1650034122.524, '2']","[1650034152.522, '2']","[1650034182.528, '2']","[1650034212.522, '2']","[1650034242.522, '2']","[1650034272.522, '2']","[1650034302.522, '2']","[1650034332.528, '2']","[1650034362.522, '2']",prometheus,https-metrics,/kubepods/burstable/pod50b7f670-4f31-4c34-8948-f3a3b4ead9a1/49045989f199412cb7577c19cce4abf86dd1c4da00233f6bce602bdfb9066508,quay.io/prometheus/prometheus:v2.29.1,10.1.0.79:10250,kubelet,/metrics/cadvisor,49045989f199412cb7577c19cce4abf86dd1c4da00233f6bce602bdfb9066508,monitoring,fv-az208-96,prometheus-k8s-0,kubelet
container_spec_cpu_shares,"[1650032622.522, '2']","[1650032652.522, '2']","[1650032682.522, '2']","[1650032712.524, '2']","[1650032742.525, '2']","[1650032772.522, '2']","[1650032802.522, '2']","[1650032832.522, '2']","[1650032862.522, '2']","[1650032892.522, '2']","[1650032922.522, '2']","[1650032952.522, '2']","[1650032982.522, '2']","[1650033012.522, '2']","[1650033042.522, '2']","[1650033072.522, '2']","[1650033102.522, '2']","[1650033132.522, '2']","[1650033162.522, '2']","[1650033192.522, '2']","[1650033222.522, '2']","[1650033252.522, '2']","[1650033282.522, '2']","[1650033312.522, '2']","[1650033342.524, '2']","[1650033372.522, '2']","[1650033402.522, '2']","[1650033432.522, '2']","[1650033462.522, '2']","[1650033492.522, '2']","[1650033522.522, '2']","[1650033552.522, '2']","[1650033582.522, '2']","[1650033612.522, '2']","[1650033642.522, '2']","[1650033672.522, '2']","[1650033702.522, '2']","[1650033732.522, '2']","[1650033762.526, '2']","[1650033792.522, '2']","[1650033822.522, '2']","[1650033852.522, '2']","[1650033882.525, '2']","[1650033912.522, '2']","[1650033942.522, '2']","[1650033972.524, '2']","[1650034002.522, '2']","[1650034032.522, '2']","[1650034062.522, '2']","[1650034092.522, '2']","[1650034122.524, '2']","[1650034152.522, '2']","[1650034182.528, '2']","[1650034212.522, '2']","[1650034242.522, '2']","[1650034272.522, '2']","[1650034302.522, '2']","[1650034332.528, '2']","[1650034362.522, '2']",prometheus,https-metrics,/kubepods/burstable/podbdac4dc3-6a8c-46a1-959e-286a3642f8e2/48b29008817b718b890ddf86d82a84d0fd43649bcefc74de532f7788a0c465d7,quay.io/prometheus/prometheus:latest,10.1.0.79:10250,kubelet,/metrics/cadvisor,48b29008817b718b890ddf86d82a84d0fd43649bcefc74de532f7788a0c465d7,monitoring,fv-az208-96,prometheus-service-prometheus-1,kubelet
container_spec_cpu_shares,"[1650032622.522, '104']","[1650032652.522, '104']","[1650032682.522, '104']","[1650032712.524, '104']","[1650032742.525, '104']","[1650032772.522, '104']","[1650032802.522, '104']","[1650032832.522, '104']","[1650032862.522, '104']","[1650032892.522, '104']","[1650032922.522, '104']","[1650032952.522, '104']","[1650032982.522, '104']","[1650033012.522, '104']","[1650033042.522, '104']","[1650033072.522, '104']","[1650033102.522, '104']","[1650033132.522, '104']","[1650033162.522, '104']","[1650033192.522, '104']","[1650033222.522, '104']","[1650033252.522, '104']","[1650033282.522, '104']","[1650033312.522, '104']","[1650033342.524, '104']","[1650033372.522, '104']","[1650033402.522, '104']","[1650033432.522, '104']","[1650033462.522, '104']","[1650033492.522, '104']","[1650033522.522, '104']","[1650033552.522, '104']","[1650033582.522, '104']","[1650033612.522, '104']","[1650033642.522, '104']","[1650033672.522, '104']","[1650033702.522, '104']","[1650033732.522, '104']","[1650033762.526, '104']","[1650033792.522, '104']","[1650033822.522, '104']","[1650033852.522, '104']","[1650033882.525, '104']","[1650033912.522, '104']","[1650033942.522, '104']","[1650033972.524, '104']","[1650034002.522, '104']","[1650034032.522, '104']","[1650034062.522, '104']","[1650034092.522, '104']","[1650034122.524, '104']","[1650034152.522, '104']","[1650034182.528, '104']","[1650034212.522, '104']","[1650034242.522, '104']","[1650034272.522, '104']","[1650034302.522, '104']","[1650034332.528, '104']","[1650034362.522, '104']",prometheus-adapter,https-metrics,/kubepods/burstable/pod9c49425c-e03b-4139-aaf1-2577c7b820ca/6830ba80239d7975ba3626d0f9c24d5d6a28d9a6dc50bcb1e08deb79229281f8,k8s.gcr.io/prometheus-adapter/prometheus-adapter:v0.9.0,10.1.0.79:10250,kubelet,/metrics/cadvisor,6830ba80239d7975ba3626d0f9c24d5d6a28d9a6dc50bcb1e08deb79229281f8,monitoring,fv-az208-96,prometheus-adapter-8587b9cf9b-bl6rg,kubelet
container_spec_cpu_shares,"[1650032622.522, '104']","[1650032652.522, '104']","[1650032682.522, '104']","[1650032712.524, '104']","[1650032742.525, '104']","[1650032772.522, '104']","[1650032802.522, '104']","[1650032832.522, '104']","[1650032862.522, '104']","[1650032892.522, '104']","[1650032922.522, '104']","[1650032952.522, '104']","[1650032982.522, '104']","[1650033012.522, '104']","[1650033042.522, '104']","[1650033072.522, '104']","[1650033102.522, '104']","[1650033132.522, '104']","[1650033162.522, '104']","[1650033192.522, '104']","[1650033222.522, '104']","[1650033252.522, '104']","[1650033282.522, '104']","[1650033312.522, '104']","[1650033342.524, '104']","[1650033372.522, '104']","[1650033402.522, '104']","[1650033432.522, '104']","[1650033462.522, '104']","[1650033492.522, '104']","[1650033522.522, '104']","[1650033552.522, '104']","[1650033582.522, '104']","[1650033612.522, '104']","[1650033642.522, '104']","[1650033672.522, '104']","[1650033702.522, '104']","[1650033732.522, '104']","[1650033762.526, '104']","[1650033792.522, '104']","[1650033822.522, '104']","[1650033852.522, '104']","[1650033882.525, '104']","[1650033912.522, '104']","[1650033942.522, '104']","[1650033972.524, '104']","[1650034002.522, '104']","[1650034032.522, '104']","[1650034062.522, '104']","[1650034092.522, '104']","[1650034122.524, '104']","[1650034152.522, '104']","[1650034182.528, '104']","[1650034212.522, '104']","[1650034242.522, '104']","[1650034272.522, '104']","[1650034302.522, '104']","[1650034332.528, '104']","[1650034362.522, '104']",prometheus-adapter,https-metrics,/kubepods/burstable/pode84016d3-67ee-4608-819b-27d61a958d48/d9c1380467a17d16e591b0ff2f829581d642241a0706c9d74e3027e5a3336765,k8s.gcr.io/prometheus-adapter/prometheus-adapter:v0.9.0,10.1.0.79:10250,kubelet,/metrics/cadvisor,d9c1380467a17d16e591b0ff2f829581d642241a0706c9d74e3027e5a3336765,monitoring,fv-az208-96,prometheus-adapter-8587b9cf9b-qq425,kubelet
container_spec_cpu_shares,"[1650032622.522, '102']","[1650032652.522, '102']","[1650032682.522, '102']","[1650032712.524, '102']","[1650032742.525, '102']","[1650032772.522, '102']","[1650032802.522, '102']","[1650032832.522, '102']","[1650032862.522, '102']","[1650032892.522, '102']","[1650032922.522, '102']","[1650032952.522, '102']","[1650032982.522, '102']","[1650033012.522, '102']","[1650033042.522, '102']","[1650033072.522, '102']","[1650033102.522, '102']","[1650033132.522, '102']","[1650033162.522, '102']","[1650033192.522, '102']","[1650033222.522, '102']","[1650033252.522, '102']","[1650033282.522, '102']","[1650033312.522, '102']","[1650033342.524, '102']","[1650033372.522, '102']","[1650033402.522, '102']","[1650033432.522, '102']","[1650033462.522, '102']","[1650033492.522, '102']","[1650033522.522, '102']","[1650033552.522, '102']","[1650033582.522, '102']","[1650033612.522, '102']","[1650033642.522, '102']","[1650033672.522, '102']","[1650033702.522, '102']","[1650033732.522, '102']","[1650033762.526, '102']","[1650033792.522, '102']","[1650033822.522, '102']","[1650033852.522, '102']","[1650033882.525, '102']","[1650033912.522, '102']","[1650033942.522, '102']","[1650033972.524, '102']","[1650034002.522, '102']","[1650034032.522, '102']","[1650034062.522, '102']","[1650034092.522, '102']","[1650034122.524, '102']","[1650034152.522, '102']","[1650034182.528, '102']","[1650034212.522, '102']","[1650034242.522, '102']","[1650034272.522, '102']","[1650034302.522, '102']","[1650034332.528, '102']","[1650034362.522, '102']",prometheus-operator,https-metrics,/kubepods/burstable/podfacf7a0b-3efa-4824-ab8c-775e44e23e0c/e2bfa9d00a50d4803a90e35027e736d0072832884d829d5a284fe629a5645c36,quay.io/prometheus-operator/prometheus-operator@sha256:1430231267ab350bc8d32ec074fc79fc7501f5bbd678a1d4f22e25a033a69518,10.1.0.79:10250,kubelet,/metrics/cadvisor,e2bfa9d00a50d4803a90e35027e736d0072832884d829d5a284fe629a5645c36,monitoring,fv-az208-96,prometheus-operator-75d9b475d9-l5mxw,kubelet
container_spec_cpu_shares,"[1650032622.522, '2']","[1650032652.522, '2']","[1650032682.522, '2']","[1650032712.524, '2']","[1650032742.525, '2']","[1650032772.522, '2']","[1650032802.522, '2']","[1650032832.522, '2']","[1650032862.522, '2']","[1650032892.522, '2']","[1650032922.522, '2']","[1650032952.522, '2']","[1650032982.522, '2']","[1650033012.522, '2']","[1650033042.522, '2']","[1650033072.522, '2']","[1650033102.522, '2']","[1650033132.522, '2']","[1650033162.522, '2']","[1650033192.522, '2']","[1650033222.522, '2']","[1650033252.522, '2']","[1650033282.522, '2']","[1650033312.522, '2']","[1650033342.524, '2']","[1650033372.522, '2']","[1650033402.522, '2']","[1650033432.522, '2']","[1650033462.522, '2']","[1650033492.522, '2']","[1650033522.522, '2']","[1650033552.522, '2']","[1650033582.522, '2']","[1650033612.522, '2']","[1650033642.522, '2']","[1650033672.522, '2']","[1650033702.522, '2']","[1650033732.522, '2']","[1650033762.526, '2']","[1650033792.522, '2']","[1650033822.522, '2']","[1650033852.522, '2']","[1650033882.525, '2']","[1650033912.522, '2']","[1650033942.522, '2']","[1650033972.524, '2']","[1650034002.522, '2']","[1650034032.522, '2']","[1650034062.522, '2']","[1650034092.522, '2']","[1650034122.524, '2']","[1650034152.522, '2']","[1650034182.528, '2']","[1650034212.522, '2']","[1650034242.522, '2']","[1650034272.522, '2']","[1650034302.522, '2']","[1650034332.528, '2']","[1650034362.522, '2']",traefik,https-metrics,/kubepods/besteffort/podceab383b-aa5a-4a95-9d2f-7c261c726003/d77c4c133c2d53e4bb943c61b6a9747305d57cd1eab3f9eb585f4b96ddaf6689,docker.io/rancher/mirrored-library-traefik:2.6.1,10.1.0.79:10250,kubelet,/metrics/cadvisor,d77c4c133c2d53e4bb943c61b6a9747305d57cd1eab3f9eb585f4b96ddaf6689,kube-system,fv-az208-96,traefik-56c4b88c4b-6kvbj,kubelet
container_spec_cpu_shares,"[1650032622.522, '2']","[1650032652.522, '2']","[1650032682.522, '2']","[1650032712.524, '2']","[1650032742.525, '2']","[1650032772.522, '2']","[1650032802.522, '2']","[1650032832.522, '2']","[1650032862.522, '2']","[1650032892.522, '2']","[1650032922.522, '2']","[1650032952.522, '2']","[1650032982.522, '2']","[1650033012.522, '2']","[1650033042.522, '2']","[1650033072.522, '2']","[1650033102.522, '2']","[1650033132.522, '2']","[1650033162.522, '2']","[1650033192.522, '2']","[1650033222.522, '2']","[1650033252.522, '2']","[1650033282.522, '2']","[1650033312.522, '2']","[1650033342.524, '2']","[1650033372.522, '2']","[1650033402.522, '2']","[1650033432.522, '2']","[1650033462.522, '2']","[1650033492.522, '2']","[1650033522.522, '2']","[1650033552.522, '2']","[1650033582.522, '2']","[1650033612.522, '2']","[1650033642.522, '2']","[1650033672.522, '2']","[1650033702.522, '2']","[1650033732.522, '2']","[1650033762.526, '2']","[1650033792.522, '2']","[1650033822.522, '2']","[1650033852.522, '2']","[1650033882.525, '2']","[1650033912.522, '2']","[1650033942.522, '2']","[1650033972.524, '2']","[1650034002.522, '2']","[1650034032.522, '2']","[1650034062.522, '2']","[1650034092.522, '2']","[1650034122.524, '2']","[1650034152.522, '2']","[1650034182.528, '2']","[1650034212.522, '2']","[1650034242.522, '2']","[1650034272.522, '2']","[1650034302.522, '2']","[1650034332.528, '2']","[1650034362.522, '2']",,https-metrics,/kubepods/besteffort/pod27318a4e-9958-48e8-bd2e-1fce20bb9980,,10.1.0.79:10250,kubelet,/metrics/cadvisor,,kube-system,fv-az208-96,local-path-provisioner-84bb864455-q557m,kubelet
container_spec_cpu_shares,"[1650032622.522, '2']","[1650032652.522, '2']","[1650032682.522, '2']","[1650032712.524, '2']","[1650032742.525, '2']","[1650032772.522, '2']","[1650032802.522, '2']","[1650032832.522, '2']","[1650032862.522, '2']","[1650032892.522, '2']","[1650032922.522, '2']","[1650032952.522, '2']","[1650032982.522, '2']","[1650033012.522, '2']","[1650033042.522, '2']","[1650033072.522, '2']","[1650033102.522, '2']","[1650033132.522, '2']","[1650033162.522, '2']","[1650033192.522, '2']","[1650033222.522, '2']","[1650033252.522, '2']","[1650033282.522, '2']","[1650033312.522, '2']","[1650033342.524, '2']","[1650033372.522, '2']","[1650033402.522, '2']","[1650033432.522, '2']","[1650033462.522, '2']","[1650033492.522, '2']","[1650033522.522, '2']","[1650033552.522, '2']","[1650033582.522, '2']","[1650033612.522, '2']","[1650033642.522, '2']","[1650033672.522, '2']","[1650033702.522, '2']","[1650033732.522, '2']","[1650033762.526, '2']","[1650033792.522, '2']","[1650033822.522, '2']","[1650033852.522, '2']","[1650033882.525, '2']","[1650033912.522, '2']","[1650033942.522, '2']","[1650033972.524, '2']","[1650034002.522, '2']","[1650034032.522, '2']","[1650034062.522, '2']","[1650034092.522, '2']","[1650034122.524, '2']","[1650034152.522, '2']","[1650034182.528, '2']","[1650034212.522, '2']","[1650034242.522, '2']","[1650034272.522, '2']","[1650034302.522, '2']","[1650034332.528, '2']","[1650034362.522, '2']",,https-metrics,/kubepods/besteffort/pod27318a4e-9958-48e8-bd2e-1fce20bb9980/db29a8191097aa8937b45a2dec7e26742921dc1e26ed6271f71a0b17a593d997,docker.io/rancher/mirrored-pause@sha256:a088e4b200a1de8812b00e348b569d7038d29e939e5a077f14d841cf137cad64,10.1.0.79:10250,kubelet,/metrics/cadvisor,db29a8191097aa8937b45a2dec7e26742921dc1e26ed6271f71a0b17a593d997,kube-system,fv-az208-96,local-path-provisioner-84bb864455-q557m,kubelet
container_spec_cpu_shares,"[1650032622.522, '2']","[1650032652.522, '2']","[1650032682.522, '2']","[1650032712.524, '2']","[1650032742.525, '2']","[1650032772.522, '2']","[1650032802.522, '2']","[1650032832.522, '2']","[1650032862.522, '2']","[1650032892.522, '2']","[1650032922.522, '2']","[1650032952.522, '2']","[1650032982.522, '2']","[1650033012.522, '2']","[1650033042.522, '2']","[1650033072.522, '2']","[1650033102.522, '2']","[1650033132.522, '2']","[1650033162.522, '2']","[1650033192.522, '2']","[1650033222.522, '2']","[1650033252.522, '2']","[1650033282.522, '2']","[1650033312.522, '2']","[1650033342.524, '2']","[1650033372.522, '2']","[1650033402.522, '2']","[1650033432.522, '2']","[1650033462.522, '2']","[1650033492.522, '2']","[1650033522.522, '2']","[1650033552.522, '2']","[1650033582.522, '2']","[1650033612.522, '2']","[1650033642.522, '2']","[1650033672.522, '2']","[1650033702.522, '2']","[1650033732.522, '2']","[1650033762.526, '2']","[1650033792.522, '2']","[1650033822.522, '2']","[1650033852.522, '2']","[1650033882.525, '2']","[1650033912.522, '2']","[1650033942.522, '2']","[1650033972.524, '2']","[1650034002.522, '2']","[1650034032.522, '2']","[1650034062.522, '2']","[1650034092.522, '2']","[1650034122.524, '2']","[1650034152.522, '2']","[1650034182.528, '2']","[1650034212.522, '2']","[1650034242.522, '2']","[1650034272.522, '2']","[1650034302.522, '2']","[1650034332.528, '2']","[1650034362.522, '2']",,https-metrics,/kubepods/besteffort/pod87930bdd-ab1f-488e-a3ac-e5e50a9f8f30,,10.1.0.79:10250,kubelet,/metrics/cadvisor,,kube-system,fv-az208-96,svclb-traefik-9z6q6,kubelet
container_spec_cpu_shares,"[1650032622.522, '2']","[1650032652.522, '2']","[1650032682.522, '2']","[1650032712.524, '2']","[1650032742.525, '2']","[1650032772.522, '2']","[1650032802.522, '2']","[1650032832.522, '2']","[1650032862.522, '2']","[1650032892.522, '2']","[1650032922.522, '2']","[1650032952.522, '2']","[1650032982.522, '2']","[1650033012.522, '2']","[1650033042.522, '2']","[1650033072.522, '2']","[1650033102.522, '2']","[1650033132.522, '2']","[1650033162.522, '2']","[1650033192.522, '2']","[1650033222.522, '2']","[1650033252.522, '2']","[1650033282.522, '2']","[1650033312.522, '2']","[1650033342.524, '2']","[1650033372.522, '2']","[1650033402.522, '2']","[1650033432.522, '2']","[1650033462.522, '2']","[1650033492.522, '2']","[1650033522.522, '2']","[1650033552.522, '2']","[1650033582.522, '2']","[1650033612.522, '2']","[1650033642.522, '2']","[1650033672.522, '2']","[1650033702.522, '2']","[1650033732.522, '2']","[1650033762.526, '2']","[1650033792.522, '2']","[1650033822.522, '2']","[1650033852.522, '2']","[1650033882.525, '2']","[1650033912.522, '2']","[1650033942.522, '2']","[1650033972.524, '2']","[1650034002.522, '2']","[1650034032.522, '2']","[1650034062.522, '2']","[1650034092.522, '2']","[1650034122.524, '2']","[1650034152.522, '2']","[1650034182.528, '2']","[1650034212.522, '2']","[1650034242.522, '2']","[1650034272.522, '2']","[1650034302.522, '2']","[1650034332.528, '2']","[1650034362.522, '2']",,https-metrics,/kubepods/besteffort/pod87930bdd-ab1f-488e-a3ac-e5e50a9f8f30/9f7be2dd08eb516f4f82c867cb63e223190c46a205341a5b3345ce9a3930f54a,docker.io/rancher/mirrored-pause@sha256:a088e4b200a1de8812b00e348b569d7038d29e939e5a077f14d841cf137cad64,10.1.0.79:10250,kubelet,/metrics/cadvisor,9f7be2dd08eb516f4f82c867cb63e223190c46a205341a5b3345ce9a3930f54a,kube-system,fv-az208-96,svclb-traefik-9z6q6,kubelet
container_spec_cpu_shares,"[1650032622.522, '2']","[1650032652.522, '2']","[1650032682.522, '2']","[1650032712.524, '2']","[1650032742.525, '2']","[1650032772.522, '2']","[1650032802.522, '2']","[1650032832.522, '2']","[1650032862.522, '2']","[1650032892.522, '2']","[1650032922.522, '2']","[1650032952.522, '2']","[1650032982.522, '2']","[1650033012.522, '2']","[1650033042.522, '2']","[1650033072.522, '2']","[1650033102.522, '2']","[1650033132.522, '2']","[1650033162.522, '2']","[1650033192.522, '2']","[1650033222.522, '2']","[1650033252.522, '2']","[1650033282.522, '2']","[1650033312.522, '2']","[1650033342.524, '2']","[1650033372.522, '2']","[1650033402.522, '2']","[1650033432.522, '2']","[1650033462.522, '2']","[1650033492.522, '2']","[1650033522.522, '2']","[1650033552.522, '2']","[1650033582.522, '2']","[1650033612.522, '2']","[1650033642.522, '2']","[1650033672.522, '2']","[1650033702.522, '2']","[1650033732.522, '2']","[1650033762.526, '2']","[1650033792.522, '2']","[1650033822.522, '2']","[1650033852.522, '2']","[1650033882.525, '2']","[1650033912.522, '2']","[1650033942.522, '2']","[1650033972.524, '2']","[1650034002.522, '2']","[1650034032.522, '2']","[1650034062.522, '2']","[1650034092.522, '2']","[1650034122.524, '2']","[1650034152.522, '2']","[1650034182.528, '2']","[1650034212.522, '2']","[1650034242.522, '2']","[1650034272.522, '2']","[1650034302.522, '2']","[1650034332.528, '2']","[1650034362.522, '2']",,https-metrics,/kubepods/besteffort/podceab383b-aa5a-4a95-9d2f-7c261c726003,,10.1.0.79:10250,kubelet,/metrics/cadvisor,,kube-system,fv-az208-96,traefik-56c4b88c4b-6kvbj,kubelet
container_spec_cpu_shares,"[1650032622.522, '2']","[1650032652.522, '2']","[1650032682.522, '2']","[1650032712.524, '2']","[1650032742.525, '2']","[1650032772.522, '2']","[1650032802.522, '2']","[1650032832.522, '2']","[1650032862.522, '2']","[1650032892.522, '2']","[1650032922.522, '2']","[1650032952.522, '2']","[1650032982.522, '2']","[1650033012.522, '2']","[1650033042.522, '2']","[1650033072.522, '2']","[1650033102.522, '2']","[1650033132.522, '2']","[1650033162.522, '2']","[1650033192.522, '2']","[1650033222.522, '2']","[1650033252.522, '2']","[1650033282.522, '2']","[1650033312.522, '2']","[1650033342.524, '2']","[1650033372.522, '2']","[1650033402.522, '2']","[1650033432.522, '2']","[1650033462.522, '2']","[1650033492.522, '2']","[1650033522.522, '2']","[1650033552.522, '2']","[1650033582.522, '2']","[1650033612.522, '2']","[1650033642.522, '2']","[1650033672.522, '2']","[1650033702.522, '2']","[1650033732.522, '2']","[1650033762.526, '2']","[1650033792.522, '2']","[1650033822.522, '2']","[1650033852.522, '2']","[1650033882.525, '2']","[1650033912.522, '2']","[1650033942.522, '2']","[1650033972.524, '2']","[1650034002.522, '2']","[1650034032.522, '2']","[1650034062.522, '2']","[1650034092.522, '2']","[1650034122.524, '2']","[1650034152.522, '2']","[1650034182.528, '2']","[1650034212.522, '2']","[1650034242.522, '2']","[1650034272.522, '2']","[1650034302.522, '2']","[1650034332.528, '2']","[1650034362.522, '2']",,https-metrics,/kubepods/besteffort/podceab383b-aa5a-4a95-9d2f-7c261c726003/c4275050934eba3099082e1d796765dfd26d66eae20576780671d1e2c6bdc9eb,docker.io/rancher/mirrored-pause@sha256:a088e4b200a1de8812b00e348b569d7038d29e939e5a077f14d841cf137cad64,10.1.0.79:10250,kubelet,/metrics/cadvisor,c4275050934eba3099082e1d796765dfd26d66eae20576780671d1e2c6bdc9eb,kube-system,fv-az208-96,traefik-56c4b88c4b-6kvbj,kubelet
container_spec_cpu_shares,"[1650032622.522, '2']","[1650032652.522, '2']","[1650032682.522, '2']","[1650032712.524, '2']","[1650032742.525, '2']","[1650032772.522, '2']","[1650032802.522, '2']","[1650032832.522, '2']","[1650032862.522, '2']","[1650032892.522, '2']","[1650032922.522, '2']","[1650032952.522, '2']","[1650032982.522, '2']","[1650033012.522, '2']","[1650033042.522, '2']","[1650033072.522, '2']","[1650033102.522, '2']","[1650033132.522, '2']","[1650033162.522, '2']","[1650033192.522, '2']","[1650033222.522, '2']","[1650033252.522, '2']","[1650033282.522, '2']","[1650033312.522, '2']","[1650033342.524, '2']","[1650033372.522, '2']","[1650033402.522, '2']","[1650033432.522, '2']","[1650033462.522, '2']","[1650033492.522, '2']","[1650033522.522, '2']","[1650033552.522, '2']","[1650033582.522, '2']","[1650033612.522, '2']","[1650033642.522, '2']","[1650033672.522, '2']","[1650033702.522, '2']","[1650033732.522, '2']","[1650033762.526, '2']","[1650033792.522, '2']","[1650033822.522, '2']","[1650033852.522, '2']","[1650033882.525, '2']","[1650033912.522, '2']","[1650033942.522, '2']","[1650033972.524, '2']","[1650034002.522, '2']","[1650034032.522, '2']","[1650034062.522, '2']","[1650034092.522, '2']","[1650034122.524, '2']","[1650034152.522, '2']","[1650034182.528, '2']","[1650034212.522, '2']","[1650034242.522, '2']","[1650034272.522, '2']","[1650034302.522, '2']","[1650034332.528, '2']","[1650034362.522, '2']",,https-metrics,/kubepods/besteffort/podd5d2720e-9215-4619-9520-82052e1d8070,,10.1.0.79:10250,kubelet,/metrics/cadvisor,,kube-system,fv-az208-96,calico-kube-controllers-654b987fd9-5ph22,kubelet
container_spec_cpu_shares,"[1650032622.522, '2']","[1650032652.522, '2']","[1650032682.522, '2']","[1650032712.524, '2']","[1650032742.525, '2']","[1650032772.522, '2']","[1650032802.522, '2']","[1650032832.522, '2']","[1650032862.522, '2']","[1650032892.522, '2']","[1650032922.522, '2']","[1650032952.522, '2']","[1650032982.522, '2']","[1650033012.522, '2']","[1650033042.522, '2']","[1650033072.522, '2']","[1650033102.522, '2']","[1650033132.522, '2']","[1650033162.522, '2']","[1650033192.522, '2']","[1650033222.522, '2']","[1650033252.522, '2']","[1650033282.522, '2']","[1650033312.522, '2']","[1650033342.524, '2']","[1650033372.522, '2']","[1650033402.522, '2']","[1650033432.522, '2']","[1650033462.522, '2']","[1650033492.522, '2']","[1650033522.522, '2']","[1650033552.522, '2']","[1650033582.522, '2']","[1650033612.522, '2']","[1650033642.522, '2']","[1650033672.522, '2']","[1650033702.522, '2']","[1650033732.522, '2']","[1650033762.526, '2']","[1650033792.522, '2']","[1650033822.522, '2']","[1650033852.522, '2']","[1650033882.525, '2']","[1650033912.522, '2']","[1650033942.522, '2']","[1650033972.524, '2']","[1650034002.522, '2']","[1650034032.522, '2']","[1650034062.522, '2']","[1650034092.522, '2']","[1650034122.524, '2']","[1650034152.522, '2']","[1650034182.528, '2']","[1650034212.522, '2']","[1650034242.522, '2']","[1650034272.522, '2']","[1650034302.522, '2']","[1650034332.528, '2']","[1650034362.522, '2']",,https-metrics,/kubepods/besteffort/podd5d2720e-9215-4619-9520-82052e1d8070/9b69f7b7ee8992879adbbb3d46e7be95a431514f2e6e64354ded1934666e7c73,docker.io/rancher/mirrored-pause@sha256:a088e4b200a1de8812b00e348b569d7038d29e939e5a077f14d841cf137cad64,10.1.0.79:10250,kubelet,/metrics/cadvisor,9b69f7b7ee8992879adbbb3d46e7be95a431514f2e6e64354ded1934666e7c73,kube-system,fv-az208-96,calico-kube-controllers-654b987fd9-5ph22,kubelet
container_spec_cpu_shares,"[1650032682.522, '2']","[1650032712.524, '2']","[1650032742.525, '2']","[1650032772.522, '2']","[1650032802.522, '2']","[1650032832.522, '2']","[1650032862.522, '2']","[1650032892.522, '2']","[1650032922.522, '2']","[1650032952.522, '2']","[1650032982.522, '2']","[1650033012.522, '2']","[1650033042.522, '2']","[1650033072.522, '2']","[1650033102.522, '2']","[1650033132.522, '2']","[1650033162.522, '2']","[1650033192.522, '2']","[1650033222.522, '2']","[1650033252.522, '2']","[1650033282.522, '2']","[1650033312.522, '2']","[1650033342.524, '2']","[1650033372.522, '2']","[1650033402.522, '2']","[1650033432.522, '2']","[1650033462.522, '2']","[1650033492.522, '2']","[1650033522.522, '2']","[1650033552.522, '2']","[1650033582.522, '2']","[1650033612.522, '2']","[1650033642.522, '2']","[1650033672.522, '2']","[1650033702.522, '2']","[1650033732.522, '2']","[1650033762.526, '2']","[1650033792.522, '2']","[1650033822.522, '2']","[1650033852.522, '2']","[1650033882.525, '2']","[1650033912.522, '2']","[1650033942.522, '2']","[1650033972.524, '2']","[1650034002.522, '2']","[1650034032.522, '2']","[1650034062.522, '2']","[1650034092.522, '2']","[1650034122.524, '2']","[1650034152.522, '2']","[1650034182.528, '2']","[1650034212.522, '2']","[1650034242.522, '2']","[1650034272.522, '2']","[1650034302.522, '2']","[1650034332.528, '2']","[1650034362.522, '2']",,https-metrics,/kubepods/besteffort/podfcf8a5e8-ef5e-437a-b907-5aa6d76c7532,,10.1.0.79:10250,kubelet,/metrics/cadvisor,,default,fv-az208-96,k6,kubelet
container_spec_cpu_shares,"[1650032652.522, '2']","[1650032682.522, '2']","[1650032712.524, '2']","[1650032742.525, '2']","[1650032772.522, '2']","[1650032802.522, '2']","[1650032832.522, '2']","[1650032862.522, '2']","[1650032892.522, '2']","[1650032922.522, '2']","[1650032952.522, '2']","[1650032982.522, '2']","[1650033012.522, '2']","[1650033042.522, '2']","[1650033072.522, '2']","[1650033102.522, '2']","[1650033132.522, '2']","[1650033162.522, '2']","[1650033192.522, '2']","[1650033222.522, '2']","[1650033252.522, '2']","[1650033282.522, '2']","[1650033312.522, '2']","[1650033342.524, '2']","[1650033372.522, '2']","[1650033402.522, '2']","[1650033432.522, '2']","[1650033462.522, '2']","[1650033492.522, '2']","[1650033522.522, '2']","[1650033552.522, '2']","[1650033582.522, '2']","[1650033612.522, '2']","[1650033642.522, '2']","[1650033672.522, '2']","[1650033702.522, '2']","[1650033732.522, '2']","[1650033762.526, '2']","[1650033792.522, '2']","[1650033822.522, '2']","[1650033852.522, '2']","[1650033882.525, '2']","[1650033912.522, '2']","[1650033942.522, '2']","[1650033972.524, '2']","[1650034002.522, '2']","[1650034032.522, '2']","[1650034062.522, '2']","[1650034092.522, '2']","[1650034122.524, '2']","[1650034152.522, '2']","[1650034182.528, '2']","[1650034212.522, '2']","[1650034242.522, '2']","[1650034272.522, '2']","[1650034302.522, '2']","[1650034332.528, '2']","[1650034362.522, '2']",,https-metrics,/kubepods/besteffort/podfcf8a5e8-ef5e-437a-b907-5aa6d76c7532/f23651ddd7aadb3fee59e2f9ea2742add1a84fa487eceba7ead9a96a2041022d,docker.io/rancher/mirrored-pause@sha256:a088e4b200a1de8812b00e348b569d7038d29e939e5a077f14d841cf137cad64,10.1.0.79:10250,kubelet,/metrics/cadvisor,f23651ddd7aadb3fee59e2f9ea2742add1a84fa487eceba7ead9a96a2041022d,default,fv-az208-96,k6,kubelet
container_spec_cpu_shares,"[1650032622.522, '102']","[1650032652.522, '102']","[1650032682.522, '102']","[1650032712.524, '102']","[1650032742.525, '102']","[1650032772.522, '102']","[1650032802.522, '102']","[1650032832.522, '102']","[1650032862.522, '102']","[1650032892.522, '102']","[1650032922.522, '102']","[1650032952.522, '102']","[1650032982.522, '102']","[1650033012.522, '102']","[1650033042.522, '102']","[1650033072.522, '102']","[1650033102.522, '102']","[1650033132.522, '102']","[1650033162.522, '102']","[1650033192.522, '102']","[1650033222.522, '102']","[1650033252.522, '102']","[1650033282.522, '102']","[1650033312.522, '102']","[1650033342.524, '102']","[1650033372.522, '102']","[1650033402.522, '102']","[1650033432.522, '102']","[1650033462.522, '102']","[1650033492.522, '102']","[1650033522.522, '102']","[1650033552.522, '102']","[1650033582.522, '102']","[1650033612.522, '102']","[1650033642.522, '102']","[1650033672.522, '102']","[1650033702.522, '102']","[1650033732.522, '102']","[1650033762.526, '102']","[1650033792.522, '102']","[1650033822.522, '102']","[1650033852.522, '102']","[1650033882.525, '102']","[1650033912.522, '102']","[1650033942.522, '102']","[1650033972.524, '102']","[1650034002.522, '102']","[1650034032.522, '102']","[1650034062.522, '102']","[1650034092.522, '102']","[1650034122.524, '102']","[1650034152.522, '102']","[1650034182.528, '102']","[1650034212.522, '102']","[1650034242.522, '102']","[1650034272.522, '102']","[1650034302.522, '102']","[1650034332.528, '102']","[1650034362.522, '102']",,https-metrics,/kubepods/burstable/pod03b4c436-6036-43aa-b9ff-68b070c1d26b,,10.1.0.79:10250,kubelet,/metrics/cadvisor,,monitoring,fv-az208-96,prometheus-service-prometheus-0,kubelet
container_spec_cpu_shares,"[1650032622.522, '2']","[1650032652.522, '2']","[1650032682.522, '2']","[1650032712.524, '2']","[1650032742.525, '2']","[1650032772.522, '2']","[1650032802.522, '2']","[1650032832.522, '2']","[1650032862.522, '2']","[1650032892.522, '2']","[1650032922.522, '2']","[1650032952.522, '2']","[1650032982.522, '2']","[1650033012.522, '2']","[1650033042.522, '2']","[1650033072.522, '2']","[1650033102.522, '2']","[1650033132.522, '2']","[1650033162.522, '2']","[1650033192.522, '2']","[1650033222.522, '2']","[1650033252.522, '2']","[1650033282.522, '2']","[1650033312.522, '2']","[1650033342.524, '2']","[1650033372.522, '2']","[1650033402.522, '2']","[1650033432.522, '2']","[1650033462.522, '2']","[1650033492.522, '2']","[1650033522.522, '2']","[1650033552.522, '2']","[1650033582.522, '2']","[1650033612.522, '2']","[1650033642.522, '2']","[1650033672.522, '2']","[1650033702.522, '2']","[1650033732.522, '2']","[1650033762.526, '2']","[1650033792.522, '2']","[1650033822.522, '2']","[1650033852.522, '2']","[1650033882.525, '2']","[1650033912.522, '2']","[1650033942.522, '2']","[1650033972.524, '2']","[1650034002.522, '2']","[1650034032.522, '2']","[1650034062.522, '2']","[1650034092.522, '2']","[1650034122.524, '2']","[1650034152.522, '2']","[1650034182.528, '2']","[1650034212.522, '2']","[1650034242.522, '2']","[1650034272.522, '2']","[1650034302.522, '2']","[1650034332.528, '2']","[1650034362.522, '2']",,https-metrics,/kubepods/burstable/pod03b4c436-6036-43aa-b9ff-68b070c1d26b/df0746351925f98c38360993705e5419d316080af959a75b5a5d3a65f5f82e66,docker.io/rancher/mirrored-pause@sha256:a088e4b200a1de8812b00e348b569d7038d29e939e5a077f14d841cf137cad64,10.1.0.79:10250,kubelet,/metrics/cadvisor,df0746351925f98c38360993705e5419d316080af959a75b5a5d3a65f5f82e66,monitoring,fv-az208-96,prometheus-service-prometheus-0,kubelet
container_spec_cpu_shares,"[1650032622.522, '106']","[1650032652.522, '106']","[1650032682.522, '106']","[1650032712.524, '106']","[1650032742.525, '106']","[1650032772.522, '106']","[1650032802.522, '106']","[1650032832.522, '106']","[1650032862.522, '106']","[1650032892.522, '106']","[1650032922.522, '106']","[1650032952.522, '106']","[1650032982.522, '106']","[1650033012.522, '106']","[1650033042.522, '106']","[1650033072.522, '106']","[1650033102.522, '106']","[1650033132.522, '106']","[1650033162.522, '106']","[1650033192.522, '106']","[1650033222.522, '106']","[1650033252.522, '106']","[1650033282.522, '106']","[1650033312.522, '106']","[1650033342.524, '106']","[1650033372.522, '106']","[1650033402.522, '106']","[1650033432.522, '106']","[1650033462.522, '106']","[1650033492.522, '106']","[1650033522.522, '106']","[1650033552.522, '106']","[1650033582.522, '106']","[1650033612.522, '106']","[1650033642.522, '106']","[1650033672.522, '106']","[1650033702.522, '106']","[1650033732.522, '106']","[1650033762.526, '106']","[1650033792.522, '106']","[1650033822.522, '106']","[1650033852.522, '106']","[1650033882.525, '106']","[1650033912.522, '106']","[1650033942.522, '106']","[1650033972.524, '106']","[1650034002.522, '106']","[1650034032.522, '106']","[1650034062.522, '106']","[1650034092.522, '106']","[1650034122.524, '106']","[1650034152.522, '106']","[1650034182.528, '106']","[1650034212.522, '106']","[1650034242.522, '106']","[1650034272.522, '106']","[1650034302.522, '106']","[1650034332.528, '106']","[1650034362.522, '106']",,https-metrics,/kubepods/burstable/pod254afd00-d3d6-440c-bfa1-3b674817b14f,,10.1.0.79:10250,kubelet,/metrics/cadvisor,,monitoring,fv-az208-96,alertmanager-main-2,kubelet
container_spec_cpu_shares,"[1650032622.522, '2']","[1650032652.522, '2']","[1650032682.522, '2']","[1650032712.524, '2']","[1650032742.525, '2']","[1650032772.522, '2']","[1650032802.522, '2']","[1650032832.522, '2']","[1650032862.522, '2']","[1650032892.522, '2']","[1650032922.522, '2']","[1650032952.522, '2']","[1650032982.522, '2']","[1650033012.522, '2']","[1650033042.522, '2']","[1650033072.522, '2']","[1650033102.522, '2']","[1650033132.522, '2']","[1650033162.522, '2']","[1650033192.522, '2']","[1650033222.522, '2']","[1650033252.522, '2']","[1650033282.522, '2']","[1650033312.522, '2']","[1650033342.524, '2']","[1650033372.522, '2']","[1650033402.522, '2']","[1650033432.522, '2']","[1650033462.522, '2']","[1650033492.522, '2']","[1650033522.522, '2']","[1650033552.522, '2']","[1650033582.522, '2']","[1650033612.522, '2']","[1650033642.522, '2']","[1650033672.522, '2']","[1650033702.522, '2']","[1650033732.522, '2']","[1650033762.526, '2']","[1650033792.522, '2']","[1650033822.522, '2']","[1650033852.522, '2']","[1650033882.525, '2']","[1650033912.522, '2']","[1650033942.522, '2']","[1650033972.524, '2']","[1650034002.522, '2']","[1650034032.522, '2']","[1650034062.522, '2']","[1650034092.522, '2']","[1650034122.524, '2']","[1650034152.522, '2']","[1650034182.528, '2']","[1650034212.522, '2']","[1650034242.522, '2']","[1650034272.522, '2']","[1650034302.522, '2']","[1650034332.528, '2']","[1650034362.522, '2']",,https-metrics,/kubepods/burstable/pod254afd00-d3d6-440c-bfa1-3b674817b14f/5bfa7be29edfdec81f263d18b797cf01419cd175ab077eee69ec3412b8e1151a,docker.io/rancher/mirrored-pause@sha256:a088e4b200a1de8812b00e348b569d7038d29e939e5a077f14d841cf137cad64,10.1.0.79:10250,kubelet,/metrics/cadvisor,5bfa7be29edfdec81f263d18b797cf01419cd175ab077eee69ec3412b8e1151a,monitoring,fv-az208-96,alertmanager-main-2,kubelet
container_spec_cpu_shares,"[1650032622.522, '102']","[1650032652.522, '102']","[1650032682.522, '102']","[1650032712.524, '102']","[1650032742.525, '102']","[1650032772.522, '102']","[1650032802.522, '102']","[1650032832.522, '102']","[1650032862.522, '102']","[1650032892.522, '102']","[1650032922.522, '102']","[1650032952.522, '102']","[1650032982.522, '102']","[1650033012.522, '102']","[1650033042.522, '102']","[1650033072.522, '102']","[1650033102.522, '102']","[1650033132.522, '102']","[1650033162.522, '102']","[1650033192.522, '102']","[1650033222.522, '102']","[1650033252.522, '102']","[1650033282.522, '102']","[1650033312.522, '102']","[1650033342.524, '102']","[1650033372.522, '102']","[1650033402.522, '102']","[1650033432.522, '102']","[1650033462.522, '102']","[1650033492.522, '102']","[1650033522.522, '102']","[1650033552.522, '102']","[1650033582.522, '102']","[1650033612.522, '102']","[1650033642.522, '102']","[1650033672.522, '102']","[1650033702.522, '102']","[1650033732.522, '102']","[1650033762.526, '102']","[1650033792.522, '102']","[1650033822.522, '102']","[1650033852.522, '102']","[1650033882.525, '102']","[1650033912.522, '102']","[1650033942.522, '102']","[1650033972.524, '102']","[1650034002.522, '102']","[1650034032.522, '102']","[1650034062.522, '102']","[1650034092.522, '102']","[1650034122.524, '102']","[1650034152.522, '102']","[1650034182.528, '102']","[1650034212.522, '102']","[1650034242.522, '102']","[1650034272.522, '102']","[1650034302.522, '102']","[1650034332.528, '102']","[1650034362.522, '102']",,https-metrics,/kubepods/burstable/pod2a7a858b-b6c2-4399-b027-207baa98f5ba,,10.1.0.79:10250,kubelet,/metrics/cadvisor,,monitoring,fv-az208-96,prometheus-k8s-1,kubelet
container_spec_cpu_shares,"[1650032622.522, '2']","[1650032652.522, '2']","[1650032682.522, '2']","[1650032712.524, '2']","[1650032742.525, '2']","[1650032772.522, '2']","[1650032802.522, '2']","[1650032832.522, '2']","[1650032862.522, '2']","[1650032892.522, '2']","[1650032922.522, '2']","[1650032952.522, '2']","[1650032982.522, '2']","[1650033012.522, '2']","[1650033042.522, '2']","[1650033072.522, '2']","[1650033102.522, '2']","[1650033132.522, '2']","[1650033162.522, '2']","[1650033192.522, '2']","[1650033222.522, '2']","[1650033252.522, '2']","[1650033282.522, '2']","[1650033312.522, '2']","[1650033342.524, '2']","[1650033372.522, '2']","[1650033402.522, '2']","[1650033432.522, '2']","[1650033462.522, '2']","[1650033492.522, '2']","[1650033522.522, '2']","[1650033552.522, '2']","[1650033582.522, '2']","[1650033612.522, '2']","[1650033642.522, '2']","[1650033672.522, '2']","[1650033702.522, '2']","[1650033732.522, '2']","[1650033762.526, '2']","[1650033792.522, '2']","[1650033822.522, '2']","[1650033852.522, '2']","[1650033882.525, '2']","[1650033912.522, '2']","[1650033942.522, '2']","[1650033972.524, '2']","[1650034002.522, '2']","[1650034032.522, '2']","[1650034062.522, '2']","[1650034092.522, '2']","[1650034122.524, '2']","[1650034152.522, '2']","[1650034182.528, '2']","[1650034212.522, '2']","[1650034242.522, '2']","[1650034272.522, '2']","[1650034302.522, '2']","[1650034332.528, '2']","[1650034362.522, '2']",,https-metrics,/kubepods/burstable/pod2a7a858b-b6c2-4399-b027-207baa98f5ba/35bdbdc234da3e865b6dad35b0044f42de220b8ca701fb780ea7d22b6e9b3bb4,docker.io/rancher/mirrored-pause@sha256:a088e4b200a1de8812b00e348b569d7038d29e939e5a077f14d841cf137cad64,10.1.0.79:10250,kubelet,/metrics/cadvisor,35bdbdc234da3e865b6dad35b0044f42de220b8ca701fb780ea7d22b6e9b3bb4,monitoring,fv-az208-96,prometheus-k8s-1,kubelet
container_spec_cpu_shares,"[1650032622.522, '106']","[1650032652.522, '106']","[1650032682.522, '106']","[1650032712.524, '106']","[1650032742.525, '106']","[1650032772.522, '106']","[1650032802.522, '106']","[1650032832.522, '106']","[1650032862.522, '106']","[1650032892.522, '106']","[1650032922.522, '106']","[1650032952.522, '106']","[1650032982.522, '106']","[1650033012.522, '106']","[1650033042.522, '106']","[1650033072.522, '106']","[1650033102.522, '106']","[1650033132.522, '106']","[1650033162.522, '106']","[1650033192.522, '106']","[1650033222.522, '106']","[1650033252.522, '106']","[1650033282.522, '106']","[1650033312.522, '106']","[1650033342.524, '106']","[1650033372.522, '106']","[1650033402.522, '106']","[1650033432.522, '106']","[1650033462.522, '106']","[1650033492.522, '106']","[1650033522.522, '106']","[1650033552.522, '106']","[1650033582.522, '106']","[1650033612.522, '106']","[1650033642.522, '106']","[1650033672.522, '106']","[1650033702.522, '106']","[1650033732.522, '106']","[1650033762.526, '106']","[1650033792.522, '106']","[1650033822.522, '106']","[1650033852.522, '106']","[1650033882.525, '106']","[1650033912.522, '106']","[1650033942.522, '106']","[1650033972.524, '106']","[1650034002.522, '106']","[1650034032.522, '106']","[1650034062.522, '106']","[1650034092.522, '106']","[1650034122.524, '106']","[1650034152.522, '106']","[1650034182.528, '106']","[1650034212.522, '106']","[1650034242.522, '106']","[1650034272.522, '106']","[1650034302.522, '106']","[1650034332.528, '106']","[1650034362.522, '106']",,https-metrics,/kubepods/burstable/pod3ca78248-fa61-4038-b10e-e2f1208c87a9,,10.1.0.79:10250,kubelet,/metrics/cadvisor,,monitoring,fv-az208-96,alertmanager-main-1,kubelet
container_spec_cpu_shares,"[1650032622.522, '2']","[1650032652.522, '2']","[1650032682.522, '2']","[1650032712.524, '2']","[1650032742.525, '2']","[1650032772.522, '2']","[1650032802.522, '2']","[1650032832.522, '2']","[1650032862.522, '2']","[1650032892.522, '2']","[1650032922.522, '2']","[1650032952.522, '2']","[1650032982.522, '2']","[1650033012.522, '2']","[1650033042.522, '2']","[1650033072.522, '2']","[1650033102.522, '2']","[1650033132.522, '2']","[1650033162.522, '2']","[1650033192.522, '2']","[1650033222.522, '2']","[1650033252.522, '2']","[1650033282.522, '2']","[1650033312.522, '2']","[1650033342.524, '2']","[1650033372.522, '2']","[1650033402.522, '2']","[1650033432.522, '2']","[1650033462.522, '2']","[1650033492.522, '2']","[1650033522.522, '2']","[1650033552.522, '2']","[1650033582.522, '2']","[1650033612.522, '2']","[1650033642.522, '2']","[1650033672.522, '2']","[1650033702.522, '2']","[1650033732.522, '2']","[1650033762.526, '2']","[1650033792.522, '2']","[1650033822.522, '2']","[1650033852.522, '2']","[1650033882.525, '2']","[1650033912.522, '2']","[1650033942.522, '2']","[1650033972.524, '2']","[1650034002.522, '2']","[1650034032.522, '2']","[1650034062.522, '2']","[1650034092.522, '2']","[1650034122.524, '2']","[1650034152.522, '2']","[1650034182.528, '2']","[1650034212.522, '2']","[1650034242.522, '2']","[1650034272.522, '2']","[1650034302.522, '2']","[1650034332.528, '2']","[1650034362.522, '2']",,https-metrics,/kubepods/burstable/pod3ca78248-fa61-4038-b10e-e2f1208c87a9/2981df3b0cce2423161d4846f905b750d4f4ea65e4072ef0031e56f42da2e840,docker.io/rancher/mirrored-pause@sha256:a088e4b200a1de8812b00e348b569d7038d29e939e5a077f14d841cf137cad64,10.1.0.79:10250,kubelet,/metrics/cadvisor,2981df3b0cce2423161d4846f905b750d4f4ea65e4072ef0031e56f42da2e840,monitoring,fv-az208-96,alertmanager-main-1,kubelet
container_spec_cpu_shares,"[1650032622.522, '102']","[1650032652.522, '102']","[1650032682.522, '102']","[1650032712.524, '102']","[1650032742.525, '102']","[1650032772.522, '102']","[1650032802.522, '102']","[1650032832.522, '102']","[1650032862.522, '102']","[1650032892.522, '102']","[1650032922.522, '102']","[1650032952.522, '102']","[1650032982.522, '102']","[1650033012.522, '102']","[1650033042.522, '102']","[1650033072.522, '102']","[1650033102.522, '102']","[1650033132.522, '102']","[1650033162.522, '102']","[1650033192.522, '102']","[1650033222.522, '102']","[1650033252.522, '102']","[1650033282.522, '102']","[1650033312.522, '102']","[1650033342.524, '102']","[1650033372.522, '102']","[1650033402.522, '102']","[1650033432.522, '102']","[1650033462.522, '102']","[1650033492.522, '102']","[1650033522.522, '102']","[1650033552.522, '102']","[1650033582.522, '102']","[1650033612.522, '102']","[1650033642.522, '102']","[1650033672.522, '102']","[1650033702.522, '102']","[1650033732.522, '102']","[1650033762.526, '102']","[1650033792.522, '102']","[1650033822.522, '102']","[1650033852.522, '102']","[1650033882.525, '102']","[1650033912.522, '102']","[1650033942.522, '102']","[1650033972.524, '102']","[1650034002.522, '102']","[1650034032.522, '102']","[1650034062.522, '102']","[1650034092.522, '102']","[1650034122.524, '102']","[1650034152.522, '102']","[1650034182.528, '102']","[1650034212.522, '102']","[1650034242.522, '102']","[1650034272.522, '102']","[1650034302.522, '102']","[1650034332.528, '102']","[1650034362.522, '102']",,https-metrics,/kubepods/burstable/pod50b7f670-4f31-4c34-8948-f3a3b4ead9a1,,10.1.0.79:10250,kubelet,/metrics/cadvisor,,monitoring,fv-az208-96,prometheus-k8s-0,kubelet
container_spec_cpu_shares,"[1650032622.522, '2']","[1650032652.522, '2']","[1650032682.522, '2']","[1650032712.524, '2']","[1650032742.525, '2']","[1650032772.522, '2']","[1650032802.522, '2']","[1650032832.522, '2']","[1650032862.522, '2']","[1650032892.522, '2']","[1650032922.522, '2']","[1650032952.522, '2']","[1650032982.522, '2']","[1650033012.522, '2']","[1650033042.522, '2']","[1650033072.522, '2']","[1650033102.522, '2']","[1650033132.522, '2']","[1650033162.522, '2']","[1650033192.522, '2']","[1650033222.522, '2']","[1650033252.522, '2']","[1650033282.522, '2']","[1650033312.522, '2']","[1650033342.524, '2']","[1650033372.522, '2']","[1650033402.522, '2']","[1650033432.522, '2']","[1650033462.522, '2']","[1650033492.522, '2']","[1650033522.522, '2']","[1650033552.522, '2']","[1650033582.522, '2']","[1650033612.522, '2']","[1650033642.522, '2']","[1650033672.522, '2']","[1650033702.522, '2']","[1650033732.522, '2']","[1650033762.526, '2']","[1650033792.522, '2']","[1650033822.522, '2']","[1650033852.522, '2']","[1650033882.525, '2']","[1650033912.522, '2']","[1650033942.522, '2']","[1650033972.524, '2']","[1650034002.522, '2']","[1650034032.522, '2']","[1650034062.522, '2']","[1650034092.522, '2']","[1650034122.524, '2']","[1650034152.522, '2']","[1650034182.528, '2']","[1650034212.522, '2']","[1650034242.522, '2']","[1650034272.522, '2']","[1650034302.522, '2']","[1650034332.528, '2']","[1650034362.522, '2']",,https-metrics,/kubepods/burstable/pod50b7f670-4f31-4c34-8948-f3a3b4ead9a1/a0baa7b75a7fe0b0467e2c2c1c4f266e22d98085f2ffbd3a377aff8c98741d4b,docker.io/rancher/mirrored-pause@sha256:a088e4b200a1de8812b00e348b569d7038d29e939e5a077f14d841cf137cad64,10.1.0.79:10250,kubelet,/metrics/cadvisor,a0baa7b75a7fe0b0467e2c2c1c4f266e22d98085f2ffbd3a377aff8c98741d4b,monitoring,fv-az208-96,prometheus-k8s-0,kubelet
container_spec_cpu_shares,"[1650032622.522, '256']","[1650032652.522, '256']","[1650032682.522, '256']","[1650032712.524, '256']","[1650032742.525, '256']","[1650032772.522, '256']","[1650032802.522, '256']","[1650032832.522, '256']","[1650032862.522, '256']","[1650032892.522, '256']","[1650032922.522, '256']","[1650032952.522, '256']","[1650032982.522, '256']","[1650033012.522, '256']","[1650033042.522, '256']","[1650033072.522, '256']","[1650033102.522, '256']","[1650033132.522, '256']","[1650033162.522, '256']","[1650033192.522, '256']","[1650033222.522, '256']","[1650033252.522, '256']","[1650033282.522, '256']","[1650033312.522, '256']","[1650033342.524, '256']","[1650033372.522, '256']","[1650033402.522, '256']","[1650033432.522, '256']","[1650033462.522, '256']","[1650033492.522, '256']","[1650033522.522, '256']","[1650033552.522, '256']","[1650033582.522, '256']","[1650033612.522, '256']","[1650033642.522, '256']","[1650033672.522, '256']","[1650033702.522, '256']","[1650033732.522, '256']","[1650033762.526, '256']","[1650033792.522, '256']","[1650033822.522, '256']","[1650033852.522, '256']","[1650033882.525, '256']","[1650033912.522, '256']","[1650033942.522, '256']","[1650033972.524, '256']","[1650034002.522, '256']","[1650034032.522, '256']","[1650034062.522, '256']","[1650034092.522, '256']","[1650034122.524, '256']","[1650034152.522, '256']","[1650034182.528, '256']","[1650034212.522, '256']","[1650034242.522, '256']","[1650034272.522, '256']","[1650034302.522, '256']","[1650034332.528, '256']","[1650034362.522, '256']",,https-metrics,/kubepods/burstable/pod5d17a688-3187-4082-8315-f867c30c31a0,,10.1.0.79:10250,kubelet,/metrics/cadvisor,,kube-system,fv-az208-96,calico-node-fqrbp,kubelet
container_spec_cpu_shares,"[1650032622.522, '2']","[1650032652.522, '2']","[1650032682.522, '2']","[1650032712.524, '2']","[1650032742.525, '2']","[1650032772.522, '2']","[1650032802.522, '2']","[1650032832.522, '2']","[1650032862.522, '2']","[1650032892.522, '2']","[1650032922.522, '2']","[1650032952.522, '2']","[1650032982.522, '2']","[1650033012.522, '2']","[1650033042.522, '2']","[1650033072.522, '2']","[1650033102.522, '2']","[1650033132.522, '2']","[1650033162.522, '2']","[1650033192.522, '2']","[1650033222.522, '2']","[1650033252.522, '2']","[1650033282.522, '2']","[1650033312.522, '2']","[1650033342.524, '2']","[1650033372.522, '2']","[1650033402.522, '2']","[1650033432.522, '2']","[1650033462.522, '2']","[1650033492.522, '2']","[1650033522.522, '2']","[1650033552.522, '2']","[1650033582.522, '2']","[1650033612.522, '2']","[1650033642.522, '2']","[1650033672.522, '2']","[1650033702.522, '2']","[1650033732.522, '2']","[1650033762.526, '2']","[1650033792.522, '2']","[1650033822.522, '2']","[1650033852.522, '2']","[1650033882.525, '2']","[1650033912.522, '2']","[1650033942.522, '2']","[1650033972.524, '2']","[1650034002.522, '2']","[1650034032.522, '2']","[1650034062.522, '2']","[1650034092.522, '2']","[1650034122.524, '2']","[1650034152.522, '2']","[1650034182.528, '2']","[1650034212.522, '2']","[1650034242.522, '2']","[1650034272.522, '2']","[1650034302.522, '2']","[1650034332.528, '2']","[1650034362.522, '2']",,https-metrics,/kubepods/burstable/pod5d17a688-3187-4082-8315-f867c30c31a0/63a92ea106f5c7ecd38faec70567779e79db1031942a3acde6b42eb86b9bcbe2,docker.io/rancher/mirrored-pause@sha256:a088e4b200a1de8812b00e348b569d7038d29e939e5a077f14d841cf137cad64,10.1.0.79:10250,kubelet,/metrics/cadvisor,63a92ea106f5c7ecd38faec70567779e79db1031942a3acde6b42eb86b9bcbe2,kube-system,fv-az208-96,calico-node-fqrbp,kubelet
container_spec_cpu_shares,"[1650032622.522, '102']","[1650032652.522, '102']","[1650032682.522, '102']","[1650032712.524, '102']","[1650032742.525, '102']","[1650032772.522, '102']","[1650032802.522, '102']","[1650032832.522, '102']","[1650032862.522, '102']","[1650032892.522, '102']","[1650032922.522, '102']","[1650032952.522, '102']","[1650032982.522, '102']","[1650033012.522, '102']","[1650033042.522, '102']","[1650033072.522, '102']","[1650033102.522, '102']","[1650033132.522, '102']","[1650033162.522, '102']","[1650033192.522, '102']","[1650033222.522, '102']","[1650033252.522, '102']","[1650033282.522, '102']","[1650033312.522, '102']","[1650033342.524, '102']","[1650033372.522, '102']","[1650033402.522, '102']","[1650033432.522, '102']","[1650033462.522, '102']","[1650033492.522, '102']","[1650033522.522, '102']","[1650033552.522, '102']","[1650033582.522, '102']","[1650033612.522, '102']","[1650033642.522, '102']","[1650033672.522, '102']","[1650033702.522, '102']","[1650033732.522, '102']","[1650033762.526, '102']","[1650033792.522, '102']","[1650033822.522, '102']","[1650033852.522, '102']","[1650033882.525, '102']","[1650033912.522, '102']","[1650033942.522, '102']","[1650033972.524, '102']","[1650034002.522, '102']","[1650034032.522, '102']","[1650034062.522, '102']","[1650034092.522, '102']","[1650034122.524, '102']","[1650034152.522, '102']","[1650034182.528, '102']","[1650034212.522, '102']","[1650034242.522, '102']","[1650034272.522, '102']","[1650034302.522, '102']","[1650034332.528, '102']","[1650034362.522, '102']",,https-metrics,/kubepods/burstable/pod7826951f-087a-498c-a29d-fb61d6bf3e3b,,10.1.0.79:10250,kubelet,/metrics/cadvisor,,monitoring,fv-az208-96,grafana-7476b4c65b-z4rfw,kubelet
container_spec_cpu_shares,"[1650032622.522, '2']","[1650032652.522, '2']","[1650032682.522, '2']","[1650032712.524, '2']","[1650032742.525, '2']","[1650032772.522, '2']","[1650032802.522, '2']","[1650032832.522, '2']","[1650032862.522, '2']","[1650032892.522, '2']","[1650032922.522, '2']","[1650032952.522, '2']","[1650032982.522, '2']","[1650033012.522, '2']","[1650033042.522, '2']","[1650033072.522, '2']","[1650033102.522, '2']","[1650033132.522, '2']","[1650033162.522, '2']","[1650033192.522, '2']","[1650033222.522, '2']","[1650033252.522, '2']","[1650033282.522, '2']","[1650033312.522, '2']","[1650033342.524, '2']","[1650033372.522, '2']","[1650033402.522, '2']","[1650033432.522, '2']","[1650033462.522, '2']","[1650033492.522, '2']","[1650033522.522, '2']","[1650033552.522, '2']","[1650033582.522, '2']","[1650033612.522, '2']","[1650033642.522, '2']","[1650033672.522, '2']","[1650033702.522, '2']","[1650033732.522, '2']","[1650033762.526, '2']","[1650033792.522, '2']","[1650033822.522, '2']","[1650033852.522, '2']","[1650033882.525, '2']","[1650033912.522, '2']","[1650033942.522, '2']","[1650033972.524, '2']","[1650034002.522, '2']","[1650034032.522, '2']","[1650034062.522, '2']","[1650034092.522, '2']","[1650034122.524, '2']","[1650034152.522, '2']","[1650034182.528, '2']","[1650034212.522, '2']","[1650034242.522, '2']","[1650034272.522, '2']","[1650034302.522, '2']","[1650034332.528, '2']","[1650034362.522, '2']",,https-metrics,/kubepods/burstable/pod7826951f-087a-498c-a29d-fb61d6bf3e3b/f5f551fa273a091a648c08b5b32432e9771e2eaf7139b67bdb899f57a43e0db5,docker.io/rancher/mirrored-pause@sha256:a088e4b200a1de8812b00e348b569d7038d29e939e5a077f14d841cf137cad64,10.1.0.79:10250,kubelet,/metrics/cadvisor,f5f551fa273a091a648c08b5b32432e9771e2eaf7139b67bdb899f57a43e0db5,monitoring,fv-az208-96,grafana-7476b4c65b-z4rfw,kubelet
container_spec_cpu_shares,"[1650032622.522, '114']","[1650032652.522, '114']","[1650032682.522, '114']","[1650032712.524, '114']","[1650032742.525, '114']","[1650032772.522, '114']","[1650032802.522, '114']","[1650032832.522, '114']","[1650032862.522, '114']","[1650032892.522, '114']","[1650032922.522, '114']","[1650032952.522, '114']","[1650032982.522, '114']","[1650033012.522, '114']","[1650033042.522, '114']","[1650033072.522, '114']","[1650033102.522, '114']","[1650033132.522, '114']","[1650033162.522, '114']","[1650033192.522, '114']","[1650033222.522, '114']","[1650033252.522, '114']","[1650033282.522, '114']","[1650033312.522, '114']","[1650033342.524, '114']","[1650033372.522, '114']","[1650033402.522, '114']","[1650033432.522, '114']","[1650033462.522, '114']","[1650033492.522, '114']","[1650033522.522, '114']","[1650033552.522, '114']","[1650033582.522, '114']","[1650033612.522, '114']","[1650033642.522, '114']","[1650033672.522, '114']","[1650033702.522, '114']","[1650033732.522, '114']","[1650033762.526, '114']","[1650033792.522, '114']","[1650033822.522, '114']","[1650033852.522, '114']","[1650033882.525, '114']","[1650033912.522, '114']","[1650033942.522, '114']","[1650033972.524, '114']","[1650034002.522, '114']","[1650034032.522, '114']","[1650034062.522, '114']","[1650034092.522, '114']","[1650034122.524, '114']","[1650034152.522, '114']","[1650034182.528, '114']","[1650034212.522, '114']","[1650034242.522, '114']","[1650034272.522, '114']","[1650034302.522, '114']","[1650034332.528, '114']","[1650034362.522, '114']",,https-metrics,/kubepods/burstable/pod87511c8c-97a2-4d23-b3aa-6fa7b65d8d62,,10.1.0.79:10250,kubelet,/metrics/cadvisor,,monitoring,fv-az208-96,node-exporter-b5bvf,kubelet
container_spec_cpu_shares,"[1650032622.522, '2']","[1650032652.522, '2']","[1650032682.522, '2']","[1650032712.524, '2']","[1650032742.525, '2']","[1650032772.522, '2']","[1650032802.522, '2']","[1650032832.522, '2']","[1650032862.522, '2']","[1650032892.522, '2']","[1650032922.522, '2']","[1650032952.522, '2']","[1650032982.522, '2']","[1650033012.522, '2']","[1650033042.522, '2']","[1650033072.522, '2']","[1650033102.522, '2']","[1650033132.522, '2']","[1650033162.522, '2']","[1650033192.522, '2']","[1650033222.522, '2']","[1650033252.522, '2']","[1650033282.522, '2']","[1650033312.522, '2']","[1650033342.524, '2']","[1650033372.522, '2']","[1650033402.522, '2']","[1650033432.522, '2']","[1650033462.522, '2']","[1650033492.522, '2']","[1650033522.522, '2']","[1650033552.522, '2']","[1650033582.522, '2']","[1650033612.522, '2']","[1650033642.522, '2']","[1650033672.522, '2']","[1650033702.522, '2']","[1650033732.522, '2']","[1650033762.526, '2']","[1650033792.522, '2']","[1650033822.522, '2']","[1650033852.522, '2']","[1650033882.525, '2']","[1650033912.522, '2']","[1650033942.522, '2']","[1650033972.524, '2']","[1650034002.522, '2']","[1650034032.522, '2']","[1650034062.522, '2']","[1650034092.522, '2']","[1650034122.524, '2']","[1650034152.522, '2']","[1650034182.528, '2']","[1650034212.522, '2']","[1650034242.522, '2']","[1650034272.522, '2']","[1650034302.522, '2']","[1650034332.528, '2']","[1650034362.522, '2']",,https-metrics,/kubepods/burstable/pod87511c8c-97a2-4d23-b3aa-6fa7b65d8d62/3d2e0d23431dd0bc87b4519bb2466bfbc8417d72d99c5ee7e2a14c5a6d3a63b5,docker.io/rancher/mirrored-pause@sha256:a088e4b200a1de8812b00e348b569d7038d29e939e5a077f14d841cf137cad64,10.1.0.79:10250,kubelet,/metrics/cadvisor,3d2e0d23431dd0bc87b4519bb2466bfbc8417d72d99c5ee7e2a14c5a6d3a63b5,monitoring,fv-az208-96,node-exporter-b5bvf,kubelet
container_spec_cpu_shares,"[1650032622.522, '102']","[1650032652.522, '102']","[1650032682.522, '102']","[1650032712.524, '102']","[1650032742.525, '102']","[1650032772.522, '102']","[1650032802.522, '102']","[1650032832.522, '102']","[1650032862.522, '102']","[1650032892.522, '102']","[1650032922.522, '102']","[1650032952.522, '102']","[1650032982.522, '102']","[1650033012.522, '102']","[1650033042.522, '102']","[1650033072.522, '102']","[1650033102.522, '102']","[1650033132.522, '102']","[1650033162.522, '102']","[1650033192.522, '102']","[1650033222.522, '102']","[1650033252.522, '102']","[1650033282.522, '102']","[1650033312.522, '102']","[1650033342.524, '102']","[1650033372.522, '102']","[1650033402.522, '102']","[1650033432.522, '102']","[1650033462.522, '102']","[1650033492.522, '102']","[1650033522.522, '102']","[1650033552.522, '102']","[1650033582.522, '102']","[1650033612.522, '102']","[1650033642.522, '102']","[1650033672.522, '102']","[1650033702.522, '102']","[1650033732.522, '102']","[1650033762.526, '102']","[1650033792.522, '102']","[1650033822.522, '102']","[1650033852.522, '102']","[1650033882.525, '102']","[1650033912.522, '102']","[1650033942.522, '102']","[1650033972.524, '102']","[1650034002.522, '102']","[1650034032.522, '102']","[1650034062.522, '102']","[1650034092.522, '102']","[1650034122.524, '102']","[1650034152.522, '102']","[1650034182.528, '102']","[1650034212.522, '102']","[1650034242.522, '102']","[1650034272.522, '102']","[1650034302.522, '102']","[1650034332.528, '102']","[1650034362.522, '102']",,https-metrics,/kubepods/burstable/pod9b5c97ee-8837-4d76-b3e5-b302db8d4555,,10.1.0.79:10250,kubelet,/metrics/cadvisor,,kube-system,fv-az208-96,coredns-574bcc6c46-ndvdg,kubelet
container_spec_cpu_shares,"[1650032622.522, '2']","[1650032652.522, '2']","[1650032682.522, '2']","[1650032712.524, '2']","[1650032742.525, '2']","[1650032772.522, '2']","[1650032802.522, '2']","[1650032832.522, '2']","[1650032862.522, '2']","[1650032892.522, '2']","[1650032922.522, '2']","[1650032952.522, '2']","[1650032982.522, '2']","[1650033012.522, '2']","[1650033042.522, '2']","[1650033072.522, '2']","[1650033102.522, '2']","[1650033132.522, '2']","[1650033162.522, '2']","[1650033192.522, '2']","[1650033222.522, '2']","[1650033252.522, '2']","[1650033282.522, '2']","[1650033312.522, '2']","[1650033342.524, '2']","[1650033372.522, '2']","[1650033402.522, '2']","[1650033432.522, '2']","[1650033462.522, '2']","[1650033492.522, '2']","[1650033522.522, '2']","[1650033552.522, '2']","[1650033582.522, '2']","[1650033612.522, '2']","[1650033642.522, '2']","[1650033672.522, '2']","[1650033702.522, '2']","[1650033732.522, '2']","[1650033762.526, '2']","[1650033792.522, '2']","[1650033822.522, '2']","[1650033852.522, '2']","[1650033882.525, '2']","[1650033912.522, '2']","[1650033942.522, '2']","[1650033972.524, '2']","[1650034002.522, '2']","[1650034032.522, '2']","[1650034062.522, '2']","[1650034092.522, '2']","[1650034122.524, '2']","[1650034152.522, '2']","[1650034182.528, '2']","[1650034212.522, '2']","[1650034242.522, '2']","[1650034272.522, '2']","[1650034302.522, '2']","[1650034332.528, '2']","[1650034362.522, '2']",,https-metrics,/kubepods/burstable/pod9b5c97ee-8837-4d76-b3e5-b302db8d4555/5dc4f628cc2e300a422746105c17efa23c83d48208250dd3a814201ac7ab23c0,docker.io/rancher/mirrored-pause@sha256:a088e4b200a1de8812b00e348b569d7038d29e939e5a077f14d841cf137cad64,10.1.0.79:10250,kubelet,/metrics/cadvisor,5dc4f628cc2e300a422746105c17efa23c83d48208250dd3a814201ac7ab23c0,kube-system,fv-az208-96,coredns-574bcc6c46-ndvdg,kubelet
container_spec_cpu_shares,"[1650032622.522, '104']","[1650032652.522, '104']","[1650032682.522, '104']","[1650032712.524, '104']","[1650032742.525, '104']","[1650032772.522, '104']","[1650032802.522, '104']","[1650032832.522, '104']","[1650032862.522, '104']","[1650032892.522, '104']","[1650032922.522, '104']","[1650032952.522, '104']","[1650032982.522, '104']","[1650033012.522, '104']","[1650033042.522, '104']","[1650033072.522, '104']","[1650033102.522, '104']","[1650033132.522, '104']","[1650033162.522, '104']","[1650033192.522, '104']","[1650033222.522, '104']","[1650033252.522, '104']","[1650033282.522, '104']","[1650033312.522, '104']","[1650033342.524, '104']","[1650033372.522, '104']","[1650033402.522, '104']","[1650033432.522, '104']","[1650033462.522, '104']","[1650033492.522, '104']","[1650033522.522, '104']","[1650033552.522, '104']","[1650033582.522, '104']","[1650033612.522, '104']","[1650033642.522, '104']","[1650033672.522, '104']","[1650033702.522, '104']","[1650033732.522, '104']","[1650033762.526, '104']","[1650033792.522, '104']","[1650033822.522, '104']","[1650033852.522, '104']","[1650033882.525, '104']","[1650033912.522, '104']","[1650033942.522, '104']","[1650033972.524, '104']","[1650034002.522, '104']","[1650034032.522, '104']","[1650034062.522, '104']","[1650034092.522, '104']","[1650034122.524, '104']","[1650034152.522, '104']","[1650034182.528, '104']","[1650034212.522, '104']","[1650034242.522, '104']","[1650034272.522, '104']","[1650034302.522, '104']","[1650034332.528, '104']","[1650034362.522, '104']",,https-metrics,/kubepods/burstable/pod9c49425c-e03b-4139-aaf1-2577c7b820ca,,10.1.0.79:10250,kubelet,/metrics/cadvisor,,monitoring,fv-az208-96,prometheus-adapter-8587b9cf9b-bl6rg,kubelet
container_spec_cpu_shares,"[1650032622.522, '2']","[1650032652.522, '2']","[1650032682.522, '2']","[1650032712.524, '2']","[1650032742.525, '2']","[1650032772.522, '2']","[1650032802.522, '2']","[1650032832.522, '2']","[1650032862.522, '2']","[1650032892.522, '2']","[1650032922.522, '2']","[1650032952.522, '2']","[1650032982.522, '2']","[1650033012.522, '2']","[1650033042.522, '2']","[1650033072.522, '2']","[1650033102.522, '2']","[1650033132.522, '2']","[1650033162.522, '2']","[1650033192.522, '2']","[1650033222.522, '2']","[1650033252.522, '2']","[1650033282.522, '2']","[1650033312.522, '2']","[1650033342.524, '2']","[1650033372.522, '2']","[1650033402.522, '2']","[1650033432.522, '2']","[1650033462.522, '2']","[1650033492.522, '2']","[1650033522.522, '2']","[1650033552.522, '2']","[1650033582.522, '2']","[1650033612.522, '2']","[1650033642.522, '2']","[1650033672.522, '2']","[1650033702.522, '2']","[1650033732.522, '2']","[1650033762.526, '2']","[1650033792.522, '2']","[1650033822.522, '2']","[1650033852.522, '2']","[1650033882.525, '2']","[1650033912.522, '2']","[1650033942.522, '2']","[1650033972.524, '2']","[1650034002.522, '2']","[1650034032.522, '2']","[1650034062.522, '2']","[1650034092.522, '2']","[1650034122.524, '2']","[1650034152.522, '2']","[1650034182.528, '2']","[1650034212.522, '2']","[1650034242.522, '2']","[1650034272.522, '2']","[1650034302.522, '2']","[1650034332.528, '2']","[1650034362.522, '2']",,https-metrics,/kubepods/burstable/pod9c49425c-e03b-4139-aaf1-2577c7b820ca/0c3ec013d4002da759d7724b05f86634587b36df584aa440ba4c404b2e8269ce,docker.io/rancher/mirrored-pause@sha256:a088e4b200a1de8812b00e348b569d7038d29e939e5a077f14d841cf137cad64,10.1.0.79:10250,kubelet,/metrics/cadvisor,0c3ec013d4002da759d7724b05f86634587b36df584aa440ba4c404b2e8269ce,monitoring,fv-az208-96,prometheus-adapter-8587b9cf9b-bl6rg,kubelet
container_spec_cpu_shares,"[1650032622.522, '30']","[1650032652.522, '30']","[1650032682.522, '30']","[1650032712.524, '30']","[1650032742.525, '30']","[1650032772.522, '30']","[1650032802.522, '30']","[1650032832.522, '30']","[1650032862.522, '30']","[1650032892.522, '30']","[1650032922.522, '30']","[1650032952.522, '30']","[1650032982.522, '30']","[1650033012.522, '30']","[1650033042.522, '30']","[1650033072.522, '30']","[1650033102.522, '30']","[1650033132.522, '30']","[1650033162.522, '30']","[1650033192.522, '30']","[1650033222.522, '30']","[1650033252.522, '30']","[1650033282.522, '30']","[1650033312.522, '30']","[1650033342.524, '30']","[1650033372.522, '30']","[1650033402.522, '30']","[1650033432.522, '30']","[1650033462.522, '30']","[1650033492.522, '30']","[1650033522.522, '30']","[1650033552.522, '30']","[1650033582.522, '30']","[1650033612.522, '30']","[1650033642.522, '30']","[1650033672.522, '30']","[1650033702.522, '30']","[1650033732.522, '30']","[1650033762.526, '30']","[1650033792.522, '30']","[1650033822.522, '30']","[1650033852.522, '30']","[1650033882.525, '30']","[1650033912.522, '30']","[1650033942.522, '30']","[1650033972.524, '30']","[1650034002.522, '30']","[1650034032.522, '30']","[1650034062.522, '30']","[1650034092.522, '30']","[1650034122.524, '30']","[1650034152.522, '30']","[1650034182.528, '30']","[1650034212.522, '30']","[1650034242.522, '30']","[1650034272.522, '30']","[1650034302.522, '30']","[1650034332.528, '30']","[1650034362.522, '30']",,https-metrics,/kubepods/burstable/podb9d1643f-780a-4397-b7da-770a85c44bdf,,10.1.0.79:10250,kubelet,/metrics/cadvisor,,monitoring,fv-az208-96,blackbox-exporter-6798fb5bb4-klffv,kubelet
container_spec_cpu_shares,"[1650032622.522, '2']","[1650032652.522, '2']","[1650032682.522, '2']","[1650032712.524, '2']","[1650032742.525, '2']","[1650032772.522, '2']","[1650032802.522, '2']","[1650032832.522, '2']","[1650032862.522, '2']","[1650032892.522, '2']","[1650032922.522, '2']","[1650032952.522, '2']","[1650032982.522, '2']","[1650033012.522, '2']","[1650033042.522, '2']","[1650033072.522, '2']","[1650033102.522, '2']","[1650033132.522, '2']","[1650033162.522, '2']","[1650033192.522, '2']","[1650033222.522, '2']","[1650033252.522, '2']","[1650033282.522, '2']","[1650033312.522, '2']","[1650033342.524, '2']","[1650033372.522, '2']","[1650033402.522, '2']","[1650033432.522, '2']","[1650033462.522, '2']","[1650033492.522, '2']","[1650033522.522, '2']","[1650033552.522, '2']","[1650033582.522, '2']","[1650033612.522, '2']","[1650033642.522, '2']","[1650033672.522, '2']","[1650033702.522, '2']","[1650033732.522, '2']","[1650033762.526, '2']","[1650033792.522, '2']","[1650033822.522, '2']","[1650033852.522, '2']","[1650033882.525, '2']","[1650033912.522, '2']","[1650033942.522, '2']","[1650033972.524, '2']","[1650034002.522, '2']","[1650034032.522, '2']","[1650034062.522, '2']","[1650034092.522, '2']","[1650034122.524, '2']","[1650034152.522, '2']","[1650034182.528, '2']","[1650034212.522, '2']","[1650034242.522, '2']","[1650034272.522, '2']","[1650034302.522, '2']","[1650034332.528, '2']","[1650034362.522, '2']",,https-metrics,/kubepods/burstable/podb9d1643f-780a-4397-b7da-770a85c44bdf/6eff20d7b40a4ecdfcb9a3caa97a820c7c5a2b9d0d3c1a0e6201a991e3e2a972,docker.io/rancher/mirrored-pause@sha256:a088e4b200a1de8812b00e348b569d7038d29e939e5a077f14d841cf137cad64,10.1.0.79:10250,kubelet,/metrics/cadvisor,6eff20d7b40a4ecdfcb9a3caa97a820c7c5a2b9d0d3c1a0e6201a991e3e2a972,monitoring,fv-az208-96,blackbox-exporter-6798fb5bb4-klffv,kubelet
container_spec_cpu_shares,"[1650032622.522, '102']","[1650032652.522, '102']","[1650032682.522, '102']","[1650032712.524, '102']","[1650032742.525, '102']","[1650032772.522, '102']","[1650032802.522, '102']","[1650032832.522, '102']","[1650032862.522, '102']","[1650032892.522, '102']","[1650032922.522, '102']","[1650032952.522, '102']","[1650032982.522, '102']","[1650033012.522, '102']","[1650033042.522, '102']","[1650033072.522, '102']","[1650033102.522, '102']","[1650033132.522, '102']","[1650033162.522, '102']","[1650033192.522, '102']","[1650033222.522, '102']","[1650033252.522, '102']","[1650033282.522, '102']","[1650033312.522, '102']","[1650033342.524, '102']","[1650033372.522, '102']","[1650033402.522, '102']","[1650033432.522, '102']","[1650033462.522, '102']","[1650033492.522, '102']","[1650033522.522, '102']","[1650033552.522, '102']","[1650033582.522, '102']","[1650033612.522, '102']","[1650033642.522, '102']","[1650033672.522, '102']","[1650033702.522, '102']","[1650033732.522, '102']","[1650033762.526, '102']","[1650033792.522, '102']","[1650033822.522, '102']","[1650033852.522, '102']","[1650033882.525, '102']","[1650033912.522, '102']","[1650033942.522, '102']","[1650033972.524, '102']","[1650034002.522, '102']","[1650034032.522, '102']","[1650034062.522, '102']","[1650034092.522, '102']","[1650034122.524, '102']","[1650034152.522, '102']","[1650034182.528, '102']","[1650034212.522, '102']","[1650034242.522, '102']","[1650034272.522, '102']","[1650034302.522, '102']","[1650034332.528, '102']","[1650034362.522, '102']",,https-metrics,/kubepods/burstable/podbdac4dc3-6a8c-46a1-959e-286a3642f8e2,,10.1.0.79:10250,kubelet,/metrics/cadvisor,,monitoring,fv-az208-96,prometheus-service-prometheus-1,kubelet
container_spec_cpu_shares,"[1650032622.522, '2']","[1650032652.522, '2']","[1650032682.522, '2']","[1650032712.524, '2']","[1650032742.525, '2']","[1650032772.522, '2']","[1650032802.522, '2']","[1650032832.522, '2']","[1650032862.522, '2']","[1650032892.522, '2']","[1650032922.522, '2']","[1650032952.522, '2']","[1650032982.522, '2']","[1650033012.522, '2']","[1650033042.522, '2']","[1650033072.522, '2']","[1650033102.522, '2']","[1650033132.522, '2']","[1650033162.522, '2']","[1650033192.522, '2']","[1650033222.522, '2']","[1650033252.522, '2']","[1650033282.522, '2']","[1650033312.522, '2']","[1650033342.524, '2']","[1650033372.522, '2']","[1650033402.522, '2']","[1650033432.522, '2']","[1650033462.522, '2']","[1650033492.522, '2']","[1650033522.522, '2']","[1650033552.522, '2']","[1650033582.522, '2']","[1650033612.522, '2']","[1650033642.522, '2']","[1650033672.522, '2']","[1650033702.522, '2']","[1650033732.522, '2']","[1650033762.526, '2']","[1650033792.522, '2']","[1650033822.522, '2']","[1650033852.522, '2']","[1650033882.525, '2']","[1650033912.522, '2']","[1650033942.522, '2']","[1650033972.524, '2']","[1650034002.522, '2']","[1650034032.522, '2']","[1650034062.522, '2']","[1650034092.522, '2']","[1650034122.524, '2']","[1650034152.522, '2']","[1650034182.528, '2']","[1650034212.522, '2']","[1650034242.522, '2']","[1650034272.522, '2']","[1650034302.522, '2']","[1650034332.528, '2']","[1650034362.522, '2']",,https-metrics,/kubepods/burstable/podbdac4dc3-6a8c-46a1-959e-286a3642f8e2/35f23d8f0de2c3efba44ed6dc2bef190e015674481215d8c7e356bcff1994ba2,docker.io/rancher/mirrored-pause@sha256:a088e4b200a1de8812b00e348b569d7038d29e939e5a077f14d841cf137cad64,10.1.0.79:10250,kubelet,/metrics/cadvisor,35f23d8f0de2c3efba44ed6dc2bef190e015674481215d8c7e356bcff1994ba2,monitoring,fv-az208-96,prometheus-service-prometheus-1,kubelet
container_spec_cpu_shares,"[1650032622.522, '106']","[1650032652.522, '106']","[1650032682.522, '106']","[1650032712.524, '106']","[1650032742.525, '106']","[1650032772.522, '106']","[1650032802.522, '106']","[1650032832.522, '106']","[1650032862.522, '106']","[1650032892.522, '106']","[1650032922.522, '106']","[1650032952.522, '106']","[1650032982.522, '106']","[1650033012.522, '106']","[1650033042.522, '106']","[1650033072.522, '106']","[1650033102.522, '106']","[1650033132.522, '106']","[1650033162.522, '106']","[1650033192.522, '106']","[1650033222.522, '106']","[1650033252.522, '106']","[1650033282.522, '106']","[1650033312.522, '106']","[1650033342.524, '106']","[1650033372.522, '106']","[1650033402.522, '106']","[1650033432.522, '106']","[1650033462.522, '106']","[1650033492.522, '106']","[1650033522.522, '106']","[1650033552.522, '106']","[1650033582.522, '106']","[1650033612.522, '106']","[1650033642.522, '106']","[1650033672.522, '106']","[1650033702.522, '106']","[1650033732.522, '106']","[1650033762.526, '106']","[1650033792.522, '106']","[1650033822.522, '106']","[1650033852.522, '106']","[1650033882.525, '106']","[1650033912.522, '106']","[1650033942.522, '106']","[1650033972.524, '106']","[1650034002.522, '106']","[1650034032.522, '106']","[1650034062.522, '106']","[1650034092.522, '106']","[1650034122.524, '106']","[1650034152.522, '106']","[1650034182.528, '106']","[1650034212.522, '106']","[1650034242.522, '106']","[1650034272.522, '106']","[1650034302.522, '106']","[1650034332.528, '106']","[1650034362.522, '106']",,https-metrics,/kubepods/burstable/podc7dbd9a5-f164-4dcd-a7b9-fb3cc8fc4af2,,10.1.0.79:10250,kubelet,/metrics/cadvisor,,monitoring,fv-az208-96,alertmanager-main-0,kubelet
container_spec_cpu_shares,"[1650032622.522, '2']","[1650032652.522, '2']","[1650032682.522, '2']","[1650032712.524, '2']","[1650032742.525, '2']","[1650032772.522, '2']","[1650032802.522, '2']","[1650032832.522, '2']","[1650032862.522, '2']","[1650032892.522, '2']","[1650032922.522, '2']","[1650032952.522, '2']","[1650032982.522, '2']","[1650033012.522, '2']","[1650033042.522, '2']","[1650033072.522, '2']","[1650033102.522, '2']","[1650033132.522, '2']","[1650033162.522, '2']","[1650033192.522, '2']","[1650033222.522, '2']","[1650033252.522, '2']","[1650033282.522, '2']","[1650033312.522, '2']","[1650033342.524, '2']","[1650033372.522, '2']","[1650033402.522, '2']","[1650033432.522, '2']","[1650033462.522, '2']","[1650033492.522, '2']","[1650033522.522, '2']","[1650033552.522, '2']","[1650033582.522, '2']","[1650033612.522, '2']","[1650033642.522, '2']","[1650033672.522, '2']","[1650033702.522, '2']","[1650033732.522, '2']","[1650033762.526, '2']","[1650033792.522, '2']","[1650033822.522, '2']","[1650033852.522, '2']","[1650033882.525, '2']","[1650033912.522, '2']","[1650033942.522, '2']","[1650033972.524, '2']","[1650034002.522, '2']","[1650034032.522, '2']","[1650034062.522, '2']","[1650034092.522, '2']","[1650034122.524, '2']","[1650034152.522, '2']","[1650034182.528, '2']","[1650034212.522, '2']","[1650034242.522, '2']","[1650034272.522, '2']","[1650034302.522, '2']","[1650034332.528, '2']","[1650034362.522, '2']",,https-metrics,/kubepods/burstable/podc7dbd9a5-f164-4dcd-a7b9-fb3cc8fc4af2/fc442e7607801238fe1fb3ded7b706bbf85f35ff1a00373a5c8012416df87ac1,docker.io/rancher/mirrored-pause@sha256:a088e4b200a1de8812b00e348b569d7038d29e939e5a077f14d841cf137cad64,10.1.0.79:10250,kubelet,/metrics/cadvisor,fc442e7607801238fe1fb3ded7b706bbf85f35ff1a00373a5c8012416df87ac1,monitoring,fv-az208-96,alertmanager-main-0,kubelet
container_spec_cpu_shares,"[1650032622.522, '104']","[1650032652.522, '104']","[1650032682.522, '104']","[1650032712.524, '104']","[1650032742.525, '104']","[1650032772.522, '104']","[1650032802.522, '104']","[1650032832.522, '104']","[1650032862.522, '104']","[1650032892.522, '104']","[1650032922.522, '104']","[1650032952.522, '104']","[1650032982.522, '104']","[1650033012.522, '104']","[1650033042.522, '104']","[1650033072.522, '104']","[1650033102.522, '104']","[1650033132.522, '104']","[1650033162.522, '104']","[1650033192.522, '104']","[1650033222.522, '104']","[1650033252.522, '104']","[1650033282.522, '104']","[1650033312.522, '104']","[1650033342.524, '104']","[1650033372.522, '104']","[1650033402.522, '104']","[1650033432.522, '104']","[1650033462.522, '104']","[1650033492.522, '104']","[1650033522.522, '104']","[1650033552.522, '104']","[1650033582.522, '104']","[1650033612.522, '104']","[1650033642.522, '104']","[1650033672.522, '104']","[1650033702.522, '104']","[1650033732.522, '104']","[1650033762.526, '104']","[1650033792.522, '104']","[1650033822.522, '104']","[1650033852.522, '104']","[1650033882.525, '104']","[1650033912.522, '104']","[1650033942.522, '104']","[1650033972.524, '104']","[1650034002.522, '104']","[1650034032.522, '104']","[1650034062.522, '104']","[1650034092.522, '104']","[1650034122.524, '104']","[1650034152.522, '104']","[1650034182.528, '104']","[1650034212.522, '104']","[1650034242.522, '104']","[1650034272.522, '104']","[1650034302.522, '104']","[1650034332.528, '104']","[1650034362.522, '104']",,https-metrics,/kubepods/burstable/pode84016d3-67ee-4608-819b-27d61a958d48,,10.1.0.79:10250,kubelet,/metrics/cadvisor,,monitoring,fv-az208-96,prometheus-adapter-8587b9cf9b-qq425,kubelet
container_spec_cpu_shares,"[1650032622.522, '2']","[1650032652.522, '2']","[1650032682.522, '2']","[1650032712.524, '2']","[1650032742.525, '2']","[1650032772.522, '2']","[1650032802.522, '2']","[1650032832.522, '2']","[1650032862.522, '2']","[1650032892.522, '2']","[1650032922.522, '2']","[1650032952.522, '2']","[1650032982.522, '2']","[1650033012.522, '2']","[1650033042.522, '2']","[1650033072.522, '2']","[1650033102.522, '2']","[1650033132.522, '2']","[1650033162.522, '2']","[1650033192.522, '2']","[1650033222.522, '2']","[1650033252.522, '2']","[1650033282.522, '2']","[1650033312.522, '2']","[1650033342.524, '2']","[1650033372.522, '2']","[1650033402.522, '2']","[1650033432.522, '2']","[1650033462.522, '2']","[1650033492.522, '2']","[1650033522.522, '2']","[1650033552.522, '2']","[1650033582.522, '2']","[1650033612.522, '2']","[1650033642.522, '2']","[1650033672.522, '2']","[1650033702.522, '2']","[1650033732.522, '2']","[1650033762.526, '2']","[1650033792.522, '2']","[1650033822.522, '2']","[1650033852.522, '2']","[1650033882.525, '2']","[1650033912.522, '2']","[1650033942.522, '2']","[1650033972.524, '2']","[1650034002.522, '2']","[1650034032.522, '2']","[1650034062.522, '2']","[1650034092.522, '2']","[1650034122.524, '2']","[1650034152.522, '2']","[1650034182.528, '2']","[1650034212.522, '2']","[1650034242.522, '2']","[1650034272.522, '2']","[1650034302.522, '2']","[1650034332.528, '2']","[1650034362.522, '2']",,https-metrics,/kubepods/burstable/pode84016d3-67ee-4608-819b-27d61a958d48/a3eded4fc68f3c386002c3ba46f328138bf2b410d4629ee737703b5b7ae44d9a,docker.io/rancher/mirrored-pause@sha256:a088e4b200a1de8812b00e348b569d7038d29e939e5a077f14d841cf137cad64,10.1.0.79:10250,kubelet,/metrics/cadvisor,a3eded4fc68f3c386002c3ba46f328138bf2b410d4629ee737703b5b7ae44d9a,monitoring,fv-az208-96,prometheus-adapter-8587b9cf9b-qq425,kubelet
container_spec_cpu_shares,"[1650032622.522, '112']","[1650032652.522, '112']","[1650032682.522, '112']","[1650032712.524, '112']","[1650032742.525, '112']","[1650032772.522, '112']","[1650032802.522, '112']","[1650032832.522, '112']","[1650032862.522, '112']","[1650032892.522, '112']","[1650032922.522, '112']","[1650032952.522, '112']","[1650032982.522, '112']","[1650033012.522, '112']","[1650033042.522, '112']","[1650033072.522, '112']","[1650033102.522, '112']","[1650033132.522, '112']","[1650033162.522, '112']","[1650033192.522, '112']","[1650033222.522, '112']","[1650033252.522, '112']","[1650033282.522, '112']","[1650033312.522, '112']","[1650033342.524, '112']","[1650033372.522, '112']","[1650033402.522, '112']","[1650033432.522, '112']","[1650033462.522, '112']","[1650033492.522, '112']","[1650033522.522, '112']","[1650033552.522, '112']","[1650033582.522, '112']","[1650033612.522, '112']","[1650033642.522, '112']","[1650033672.522, '112']","[1650033702.522, '112']","[1650033732.522, '112']","[1650033762.526, '112']","[1650033792.522, '112']","[1650033822.522, '112']","[1650033852.522, '112']","[1650033882.525, '112']","[1650033912.522, '112']","[1650033942.522, '112']","[1650033972.524, '112']","[1650034002.522, '112']","[1650034032.522, '112']","[1650034062.522, '112']","[1650034092.522, '112']","[1650034122.524, '112']","[1650034152.522, '112']","[1650034182.528, '112']","[1650034212.522, '112']","[1650034242.522, '112']","[1650034272.522, '112']","[1650034302.522, '112']","[1650034332.528, '112']","[1650034362.522, '112']",,https-metrics,/kubepods/burstable/podfacf7a0b-3efa-4824-ab8c-775e44e23e0c,,10.1.0.79:10250,kubelet,/metrics/cadvisor,,monitoring,fv-az208-96,prometheus-operator-75d9b475d9-l5mxw,kubelet
container_spec_cpu_shares,"[1650032622.522, '2']","[1650032652.522, '2']","[1650032682.522, '2']","[1650032712.524, '2']","[1650032742.525, '2']","[1650032772.522, '2']","[1650032802.522, '2']","[1650032832.522, '2']","[1650032862.522, '2']","[1650032892.522, '2']","[1650032922.522, '2']","[1650032952.522, '2']","[1650032982.522, '2']","[1650033012.522, '2']","[1650033042.522, '2']","[1650033072.522, '2']","[1650033102.522, '2']","[1650033132.522, '2']","[1650033162.522, '2']","[1650033192.522, '2']","[1650033222.522, '2']","[1650033252.522, '2']","[1650033282.522, '2']","[1650033312.522, '2']","[1650033342.524, '2']","[1650033372.522, '2']","[1650033402.522, '2']","[1650033432.522, '2']","[1650033462.522, '2']","[1650033492.522, '2']","[1650033522.522, '2']","[1650033552.522, '2']","[1650033582.522, '2']","[1650033612.522, '2']","[1650033642.522, '2']","[1650033672.522, '2']","[1650033702.522, '2']","[1650033732.522, '2']","[1650033762.526, '2']","[1650033792.522, '2']","[1650033822.522, '2']","[1650033852.522, '2']","[1650033882.525, '2']","[1650033912.522, '2']","[1650033942.522, '2']","[1650033972.524, '2']","[1650034002.522, '2']","[1650034032.522, '2']","[1650034062.522, '2']","[1650034092.522, '2']","[1650034122.524, '2']","[1650034152.522, '2']","[1650034182.528, '2']","[1650034212.522, '2']","[1650034242.522, '2']","[1650034272.522, '2']","[1650034302.522, '2']","[1650034332.528, '2']","[1650034362.522, '2']",,https-metrics,/kubepods/burstable/podfacf7a0b-3efa-4824-ab8c-775e44e23e0c/bbc7e6f5a7e2de5d77d79588498e91e66fc7f1aff57e77b27348f795643a4d39,docker.io/rancher/mirrored-pause@sha256:a088e4b200a1de8812b00e348b569d7038d29e939e5a077f14d841cf137cad64,10.1.0.79:10250,kubelet,/metrics/cadvisor,bbc7e6f5a7e2de5d77d79588498e91e66fc7f1aff57e77b27348f795643a4d39,monitoring,fv-az208-96,prometheus-operator-75d9b475d9-l5mxw,kubelet
container_spec_cpu_shares,"[1650032622.522, '40']","[1650032652.522, '40']","[1650032682.522, '40']","[1650032712.524, '40']","[1650032742.525, '40']","[1650032772.522, '40']","[1650032802.522, '40']","[1650032832.522, '40']","[1650032862.522, '40']","[1650032892.522, '40']","[1650032922.522, '40']","[1650032952.522, '40']","[1650032982.522, '40']","[1650033012.522, '40']","[1650033042.522, '40']","[1650033072.522, '40']","[1650033102.522, '40']","[1650033132.522, '40']","[1650033162.522, '40']","[1650033192.522, '40']","[1650033222.522, '40']","[1650033252.522, '40']","[1650033282.522, '40']","[1650033312.522, '40']","[1650033342.524, '40']","[1650033372.522, '40']","[1650033402.522, '40']","[1650033432.522, '40']","[1650033462.522, '40']","[1650033492.522, '40']","[1650033522.522, '40']","[1650033552.522, '40']","[1650033582.522, '40']","[1650033612.522, '40']","[1650033642.522, '40']","[1650033672.522, '40']","[1650033702.522, '40']","[1650033732.522, '40']","[1650033762.526, '40']","[1650033792.522, '40']","[1650033822.522, '40']","[1650033852.522, '40']","[1650033882.525, '40']","[1650033912.522, '40']","[1650033942.522, '40']","[1650033972.524, '40']","[1650034002.522, '40']","[1650034032.522, '40']","[1650034062.522, '40']","[1650034092.522, '40']","[1650034122.524, '40']","[1650034152.522, '40']","[1650034182.528, '40']","[1650034212.522, '40']","[1650034242.522, '40']","[1650034272.522, '40']","[1650034302.522, '40']","[1650034332.528, '40']","[1650034362.522, '40']",,https-metrics,/kubepods/burstable/podfb4aaba9-0a85-4a64-be39-6b094902a600,,10.1.0.79:10250,kubelet,/metrics/cadvisor,,monitoring,fv-az208-96,kube-state-metrics-74964b6cd4-s8bqk,kubelet
container_spec_cpu_shares,"[1650032622.522, '2']","[1650032652.522, '2']","[1650032682.522, '2']","[1650032712.524, '2']","[1650032742.525, '2']","[1650032772.522, '2']","[1650032802.522, '2']","[1650032832.522, '2']","[1650032862.522, '2']","[1650032892.522, '2']","[1650032922.522, '2']","[1650032952.522, '2']","[1650032982.522, '2']","[1650033012.522, '2']","[1650033042.522, '2']","[1650033072.522, '2']","[1650033102.522, '2']","[1650033132.522, '2']","[1650033162.522, '2']","[1650033192.522, '2']","[1650033222.522, '2']","[1650033252.522, '2']","[1650033282.522, '2']","[1650033312.522, '2']","[1650033342.524, '2']","[1650033372.522, '2']","[1650033402.522, '2']","[1650033432.522, '2']","[1650033462.522, '2']","[1650033492.522, '2']","[1650033522.522, '2']","[1650033552.522, '2']","[1650033582.522, '2']","[1650033612.522, '2']","[1650033642.522, '2']","[1650033672.522, '2']","[1650033702.522, '2']","[1650033732.522, '2']","[1650033762.526, '2']","[1650033792.522, '2']","[1650033822.522, '2']","[1650033852.522, '2']","[1650033882.525, '2']","[1650033912.522, '2']","[1650033942.522, '2']","[1650033972.524, '2']","[1650034002.522, '2']","[1650034032.522, '2']","[1650034062.522, '2']","[1650034092.522, '2']","[1650034122.524, '2']","[1650034152.522, '2']","[1650034182.528, '2']","[1650034212.522, '2']","[1650034242.522, '2']","[1650034272.522, '2']","[1650034302.522, '2']","[1650034332.528, '2']","[1650034362.522, '2']",,https-metrics,/kubepods/burstable/podfb4aaba9-0a85-4a64-be39-6b094902a600/1d7b6619726501e21971f313087497ca2e57dcc74a7238152a559a89f9955a15,docker.io/rancher/mirrored-pause@sha256:a088e4b200a1de8812b00e348b569d7038d29e939e5a077f14d841cf137cad64,10.1.0.79:10250,kubelet,/metrics/cadvisor,1d7b6619726501e21971f313087497ca2e57dcc74a7238152a559a89f9955a15,monitoring,fv-az208-96,kube-state-metrics-74964b6cd4-s8bqk,kubelet
container_spec_cpu_shares,"[1650032622.522, '81']","[1650032652.522, '81']","[1650032682.522, '81']","[1650032712.524, '81']","[1650032742.525, '81']","[1650032772.522, '81']","[1650032802.522, '81']","[1650032832.522, '81']","[1650032862.522, '81']","[1650032892.522, '81']","[1650032922.522, '81']","[1650032952.522, '81']","[1650032982.522, '81']","[1650033012.522, '81']","[1650033042.522, '81']","[1650033072.522, '81']","[1650033102.522, '81']","[1650033132.522, '81']","[1650033162.522, '81']","[1650033192.522, '81']","[1650033222.522, '81']","[1650033252.522, '81']","[1650033282.522, '81']","[1650033312.522, '81']","[1650033342.524, '81']","[1650033372.522, '81']","[1650033402.522, '81']","[1650033432.522, '81']","[1650033462.522, '81']","[1650033492.522, '81']","[1650033522.522, '81']","[1650033552.522, '81']","[1650033582.522, '81']","[1650033612.522, '81']","[1650033642.522, '81']","[1650033672.522, '81']","[1650033702.522, '81']","[1650033732.522, '81']","[1650033762.526, '81']","[1650033792.522, '81']","[1650033822.522, '81']","[1650033852.522, '81']","[1650033882.525, '81']","[1650033912.522, '81']","[1650033942.522, '81']","[1650033972.524, '81']","[1650034002.522, '81']","[1650034032.522, '81']","[1650034062.522, '81']","[1650034092.522, '81']","[1650034122.524, '81']","[1650034152.522, '81']","[1650034182.528, '81']","[1650034212.522, '81']","[1650034242.522, '81']","[1650034272.522, '81']","[1650034302.522, '81']","[1650034332.528, '81']","[1650034362.522, '81']",,https-metrics,/kubepods/pod377cafe9-0459-4d3b-9265-8dcbf0cbc332,,10.1.0.79:10250,kubelet,/metrics/cadvisor,,default,fv-az208-96,api-54b9c66577-ts687,kubelet
container_spec_cpu_shares,"[1650032622.522, '2']","[1650032652.522, '2']","[1650032682.522, '2']","[1650032712.524, '2']","[1650032742.525, '2']","[1650032772.522, '2']","[1650032802.522, '2']","[1650032832.522, '2']","[1650032862.522, '2']","[1650032892.522, '2']","[1650032922.522, '2']","[1650032952.522, '2']","[1650032982.522, '2']","[1650033012.522, '2']","[1650033042.522, '2']","[1650033072.522, '2']","[1650033102.522, '2']","[1650033132.522, '2']","[1650033162.522, '2']","[1650033192.522, '2']","[1650033222.522, '2']","[1650033252.522, '2']","[1650033282.522, '2']","[1650033312.522, '2']","[1650033342.524, '2']","[1650033372.522, '2']","[1650033402.522, '2']","[1650033432.522, '2']","[1650033462.522, '2']","[1650033492.522, '2']","[1650033522.522, '2']","[1650033552.522, '2']","[1650033582.522, '2']","[1650033612.522, '2']","[1650033642.522, '2']","[1650033672.522, '2']","[1650033702.522, '2']","[1650033732.522, '2']","[1650033762.526, '2']","[1650033792.522, '2']","[1650033822.522, '2']","[1650033852.522, '2']","[1650033882.525, '2']","[1650033912.522, '2']","[1650033942.522, '2']","[1650033972.524, '2']","[1650034002.522, '2']","[1650034032.522, '2']","[1650034062.522, '2']","[1650034092.522, '2']","[1650034122.524, '2']","[1650034152.522, '2']","[1650034182.528, '2']","[1650034212.522, '2']","[1650034242.522, '2']","[1650034272.522, '2']","[1650034302.522, '2']","[1650034332.528, '2']","[1650034362.522, '2']",,https-metrics,/kubepods/pod377cafe9-0459-4d3b-9265-8dcbf0cbc332/c34a0c66387948b3f412f246d5cb691d2cc9e6dbadde2ccbdaf4b27e4cd92b29,docker.io/rancher/mirrored-pause@sha256:a088e4b200a1de8812b00e348b569d7038d29e939e5a077f14d841cf137cad64,10.1.0.79:10250,kubelet,/metrics/cadvisor,c34a0c66387948b3f412f246d5cb691d2cc9e6dbadde2ccbdaf4b27e4cd92b29,default,fv-az208-96,api-54b9c66577-ts687,kubelet
container_spec_cpu_shares,"[1650033462.522, '81']","[1650033492.522, '81']","[1650033522.522, '81']","[1650033552.522, '81']","[1650033582.522, '81']","[1650033612.522, '81']","[1650033642.522, '81']","[1650033672.522, '81']","[1650033702.522, '81']","[1650033732.522, '81']","[1650033762.526, '81']","[1650033792.522, '81']","[1650033822.522, '81']","[1650033852.522, '81']","[1650033882.525, '81']","[1650033912.522, '81']","[1650033942.522, '81']","[1650033972.524, '81']","[1650034002.522, '81']","[1650034032.522, '81']","[1650034062.522, '81']","[1650034092.522, '81']","[1650034122.524, '81']","[1650034152.522, '81']","[1650034182.528, '81']","[1650034212.522, '81']","[1650034242.522, '81']","[1650034272.522, '81']","[1650034302.522, '81']","[1650034332.528, '81']","[1650034362.522, '81']",,https-metrics,/kubepods/pod42fa73bb-dae0-4513-811f-2c3cdee2bd26,,10.1.0.79:10250,kubelet,/metrics/cadvisor,,default,fv-az208-96,api-54b9c66577-wqthg,kubelet
container_spec_cpu_shares,"[1650033462.522, '2']","[1650033492.522, '2']","[1650033522.522, '2']","[1650033552.522, '2']","[1650033582.522, '2']","[1650033612.522, '2']","[1650033642.522, '2']","[1650033672.522, '2']","[1650033702.522, '2']","[1650033732.522, '2']","[1650033762.526, '2']","[1650033792.522, '2']","[1650033822.522, '2']","[1650033852.522, '2']","[1650033882.525, '2']","[1650033912.522, '2']","[1650033942.522, '2']","[1650033972.524, '2']","[1650034002.522, '2']","[1650034032.522, '2']","[1650034062.522, '2']","[1650034092.522, '2']","[1650034122.524, '2']","[1650034152.522, '2']","[1650034182.528, '2']","[1650034212.522, '2']","[1650034242.522, '2']","[1650034272.522, '2']","[1650034302.522, '2']","[1650034332.528, '2']","[1650034362.522, '2']",,https-metrics,/kubepods/pod42fa73bb-dae0-4513-811f-2c3cdee2bd26/a77feb92e858f676b6417664d6c0fe806fbaf6d82a146aa8dc8aa0403696b666,docker.io/rancher/mirrored-pause@sha256:a088e4b200a1de8812b00e348b569d7038d29e939e5a077f14d841cf137cad64,10.1.0.79:10250,kubelet,/metrics/cadvisor,a77feb92e858f676b6417664d6c0fe806fbaf6d82a146aa8dc8aa0403696b666,default,fv-az208-96,api-54b9c66577-wqthg,kubelet
container_spec_cpu_shares,"[1650033222.522, '81']","[1650033252.522, '81']",,https-metrics,/kubepods/pod58731a6e-d9a6-4022-83d9-9e7a7b230ecf,,10.1.0.79:10250,kubelet,/metrics/cadvisor,,default,fv-az208-96,api-54b9c66577-n5dsk,kubelet
container_spec_cpu_shares,"[1650033222.522, '2']","[1650033252.522, '2']",,https-metrics,/kubepods/pod58731a6e-d9a6-4022-83d9-9e7a7b230ecf/568f243f9ea9f6ac7e451bb6a76409d0e5f4decea172b81feff0b5b5ebc8c883,docker.io/rancher/mirrored-pause@sha256:a088e4b200a1de8812b00e348b569d7038d29e939e5a077f14d841cf137cad64,10.1.0.79:10250,kubelet,/metrics/cadvisor,568f243f9ea9f6ac7e451bb6a76409d0e5f4decea172b81feff0b5b5ebc8c883,default,fv-az208-96,api-54b9c66577-n5dsk,kubelet
container_spec_cpu_shares,"[1650032622.522, '81']","[1650032652.522, '81']","[1650032682.522, '81']","[1650032712.524, '81']","[1650032742.525, '81']","[1650032772.522, '81']","[1650032802.522, '81']","[1650032832.522, '81']","[1650032862.522, '81']","[1650032892.522, '81']","[1650032922.522, '81']","[1650032952.522, '81']","[1650032982.522, '81']","[1650033012.522, '81']","[1650033042.522, '81']","[1650033072.522, '81']","[1650033102.522, '81']","[1650033132.522, '81']","[1650033162.522, '81']","[1650033192.522, '81']","[1650033222.522, '81']","[1650033252.522, '81']","[1650033282.522, '81']","[1650033312.522, '81']","[1650033342.524, '81']","[1650033372.522, '81']","[1650033402.522, '81']","[1650033432.522, '81']","[1650033462.522, '81']","[1650033492.522, '81']","[1650033522.522, '81']","[1650033552.522, '81']","[1650033582.522, '81']","[1650033612.522, '81']","[1650033642.522, '81']","[1650033672.522, '81']","[1650033702.522, '81']","[1650033732.522, '81']","[1650033762.526, '81']","[1650033792.522, '81']","[1650033822.522, '81']","[1650033852.522, '81']","[1650033882.525, '81']","[1650033912.522, '81']","[1650033942.522, '81']","[1650033972.524, '81']","[1650034002.522, '81']","[1650034032.522, '81']","[1650034062.522, '81']","[1650034092.522, '81']","[1650034122.524, '81']","[1650034152.522, '81']","[1650034182.528, '81']","[1650034212.522, '81']","[1650034242.522, '81']","[1650034272.522, '81']","[1650034302.522, '81']","[1650034332.528, '81']","[1650034362.522, '81']",,https-metrics,/kubepods/pod69a04988-8b4e-4687-928a-fe2c1f601b0d,,10.1.0.79:10250,kubelet,/metrics/cadvisor,,default,fv-az208-96,api-54b9c66577-djc55,kubelet
container_spec_cpu_shares,"[1650032622.522, '2']","[1650032652.522, '2']","[1650032682.522, '2']","[1650032712.524, '2']","[1650032742.525, '2']","[1650032772.522, '2']","[1650032802.522, '2']","[1650032832.522, '2']","[1650032862.522, '2']","[1650032892.522, '2']","[1650032922.522, '2']","[1650032952.522, '2']","[1650032982.522, '2']","[1650033012.522, '2']","[1650033042.522, '2']","[1650033072.522, '2']","[1650033102.522, '2']","[1650033132.522, '2']","[1650033162.522, '2']","[1650033192.522, '2']","[1650033222.522, '2']","[1650033252.522, '2']","[1650033282.522, '2']","[1650033312.522, '2']","[1650033342.524, '2']","[1650033372.522, '2']","[1650033402.522, '2']","[1650033432.522, '2']","[1650033462.522, '2']","[1650033492.522, '2']","[1650033522.522, '2']","[1650033552.522, '2']","[1650033582.522, '2']","[1650033612.522, '2']","[1650033642.522, '2']","[1650033672.522, '2']","[1650033702.522, '2']","[1650033732.522, '2']","[1650033762.526, '2']","[1650033792.522, '2']","[1650033822.522, '2']","[1650033852.522, '2']","[1650033882.525, '2']","[1650033912.522, '2']","[1650033942.522, '2']","[1650033972.524, '2']","[1650034002.522, '2']","[1650034032.522, '2']","[1650034062.522, '2']","[1650034092.522, '2']","[1650034122.524, '2']","[1650034152.522, '2']","[1650034182.528, '2']","[1650034212.522, '2']","[1650034242.522, '2']","[1650034272.522, '2']","[1650034302.522, '2']","[1650034332.528, '2']","[1650034362.522, '2']",,https-metrics,/kubepods/pod69a04988-8b4e-4687-928a-fe2c1f601b0d/c0131ce99ef89a856dc517709481e928a73e226483548bc9838b01c1c62a47c4,docker.io/rancher/mirrored-pause@sha256:a088e4b200a1de8812b00e348b569d7038d29e939e5a077f14d841cf137cad64,10.1.0.79:10250,kubelet,/metrics/cadvisor,c0131ce99ef89a856dc517709481e928a73e226483548bc9838b01c1c62a47c4,default,fv-az208-96,api-54b9c66577-djc55,kubelet
container_spec_cpu_shares,"[1650033372.522, '81']","[1650033402.522, '81']",,https-metrics,/kubepods/pod707afef7-dd49-491f-aa16-46b3526a9409,,10.1.0.79:10250,kubelet,/metrics/cadvisor,,default,fv-az208-96,api-54b9c66577-bgbk8,kubelet
container_spec_cpu_shares,"[1650033342.524, '2']","[1650033372.522, '2']",,https-metrics,/kubepods/pod707afef7-dd49-491f-aa16-46b3526a9409/6fbd25f2339966ce369f516412f33eea4029525bf2ffaaba66fd9f86ef4360e7,docker.io/rancher/mirrored-pause@sha256:a088e4b200a1de8812b00e348b569d7038d29e939e5a077f14d841cf137cad64,10.1.0.79:10250,kubelet,/metrics/cadvisor,6fbd25f2339966ce369f516412f33eea4029525bf2ffaaba66fd9f86ef4360e7,default,fv-az208-96,api-54b9c66577-bgbk8,kubelet
container_spec_cpu_shares,"[1650032622.522, '81']","[1650032652.522, '81']","[1650032682.522, '81']","[1650032712.524, '81']","[1650032742.525, '81']","[1650032772.522, '81']","[1650032802.522, '81']","[1650032832.522, '81']","[1650032862.522, '81']","[1650032892.522, '81']","[1650032922.522, '81']","[1650032952.522, '81']","[1650032982.522, '81']","[1650033012.522, '81']","[1650033042.522, '81']","[1650033072.522, '81']","[1650033102.522, '81']","[1650033132.522, '81']","[1650033162.522, '81']","[1650033192.522, '81']","[1650033222.522, '81']","[1650033252.522, '81']","[1650033282.522, '81']","[1650033312.522, '81']","[1650033342.524, '81']","[1650033372.522, '81']","[1650033402.522, '81']","[1650033432.522, '81']","[1650033462.522, '81']","[1650033492.522, '81']","[1650033522.522, '81']","[1650033552.522, '81']","[1650033582.522, '81']","[1650033612.522, '81']","[1650033642.522, '81']","[1650033672.522, '81']","[1650033702.522, '81']","[1650033732.522, '81']","[1650033762.526, '81']","[1650033792.522, '81']","[1650033822.522, '81']","[1650033852.522, '81']","[1650033882.525, '81']","[1650033912.522, '81']","[1650033942.522, '81']","[1650033972.524, '81']","[1650034002.522, '81']","[1650034032.522, '81']","[1650034062.522, '81']","[1650034092.522, '81']","[1650034122.524, '81']","[1650034152.522, '81']","[1650034182.528, '81']","[1650034212.522, '81']","[1650034242.522, '81']","[1650034272.522, '81']","[1650034302.522, '81']","[1650034332.528, '81']","[1650034362.522, '81']",,https-metrics,/kubepods/poda6b0644f-cb5a-4f12-afc5-7a3cd9eb646e,,10.1.0.79:10250,kubelet,/metrics/cadvisor,,default,fv-az208-96,api-54b9c66577-c58rm,kubelet
container_spec_cpu_shares,"[1650032622.522, '2']","[1650032652.522, '2']","[1650032682.522, '2']","[1650032712.524, '2']","[1650032742.525, '2']","[1650032772.522, '2']","[1650032802.522, '2']","[1650032832.522, '2']","[1650032862.522, '2']","[1650032892.522, '2']","[1650032922.522, '2']","[1650032952.522, '2']","[1650032982.522, '2']","[1650033012.522, '2']","[1650033042.522, '2']","[1650033072.522, '2']","[1650033102.522, '2']","[1650033132.522, '2']","[1650033162.522, '2']","[1650033192.522, '2']","[1650033222.522, '2']","[1650033252.522, '2']","[1650033282.522, '2']","[1650033312.522, '2']","[1650033342.524, '2']","[1650033372.522, '2']","[1650033402.522, '2']","[1650033432.522, '2']","[1650033462.522, '2']","[1650033492.522, '2']","[1650033522.522, '2']","[1650033552.522, '2']","[1650033582.522, '2']","[1650033612.522, '2']","[1650033642.522, '2']","[1650033672.522, '2']","[1650033702.522, '2']","[1650033732.522, '2']","[1650033762.526, '2']","[1650033792.522, '2']","[1650033822.522, '2']","[1650033852.522, '2']","[1650033882.525, '2']","[1650033912.522, '2']","[1650033942.522, '2']","[1650033972.524, '2']","[1650034002.522, '2']","[1650034032.522, '2']","[1650034062.522, '2']","[1650034092.522, '2']","[1650034122.524, '2']","[1650034152.522, '2']","[1650034182.528, '2']","[1650034212.522, '2']","[1650034242.522, '2']","[1650034272.522, '2']","[1650034302.522, '2']","[1650034332.528, '2']","[1650034362.522, '2']",,https-metrics,/kubepods/poda6b0644f-cb5a-4f12-afc5-7a3cd9eb646e/080e1532a2c06feb8a6573480e62a2a61b31b323a0dd3aee9c67819d184d9fbd,docker.io/rancher/mirrored-pause@sha256:a088e4b200a1de8812b00e348b569d7038d29e939e5a077f14d841cf137cad64,10.1.0.79:10250,kubelet,/metrics/cadvisor,080e1532a2c06feb8a6573480e62a2a61b31b323a0dd3aee9c67819d184d9fbd,default,fv-az208-96,api-54b9c66577-c58rm,kubelet
